1.423,0.074,1
1.620,0.074,1
1.828,0.074,1
2.029,0.074,1
2.230,0.074,1
2.431,0.074,1
2.636,0.074,1
2.839,0.074,1
3.049,0.074,1
3.244,0.074,1
3.455,0.074,1
3.653,0.074,1
3.859,0.074,1
4.057,0.074,1
4.268,0.074,1
4.467,0.074,1
4.673,0.074,1
4.869,0.074,1
5.079,0.074,1
5.283,0.074,1
5.479,0.074,1
5.683,0.074,1
5.892,0.074,1
6.088,0.074,1
6.299,0.074,1
6.493,0.074,1
6.705,0.074,1
6.905,0.074,1
7.112,0.074,1
7.306,0.074,1
7.516,0.074,1
7.715,0.074,1
7.920,0.074,1
8.122,0.074,1
8.327,0.074,1
8.528,0.073,1
8.727,0.073,1
8.932,0.074,1
9.133,0.074,1
9.340,0.073,1
9.541,0.073,1
9.743,0.073,1
9.954,0.074,1
10.150,0.074,1
10.362,0.073,1
10.557,0.074,1
10.764,0.074,1
10.968,0.074,1
11.168,0.074,1
11.371,0.074,1
11.577,0.074,1
11.776,0.074,1
11.985,0.074,1
12.184,0.074,1
12.392,0.074,1
12.591,0.074,1
12.799,0.074,1
12.995,0.074,1
13.201,0.074,1
13.401,0.074,1
13.604,0.074,1
13.805,0.074,1
14.010,0.074,1
14.214,0.074,1
14.416,0.074,1
14.620,0.075,1
14.830,0.075,1
15.030,0.075,1
15.237,0.075,1
15.431,0.075,1
15.642,0.074,1
15.839,0.075,1
16.049,0.074,1
16.245,0.075,1
16.453,0.075,1
16.658,0.075,1
16.853,0.075,1
17.057,0.074,1
17.266,0.074,1
17.466,0.074,1
17.666,0.074,1
17.870,0.074,1
18.078,0.074,1
18.275,0.074,1
18.487,0.074,1
18.680,0.074,1
18.891,0.074,1
19.090,0.074,1
19.293,0.074,1
19.496,0.075,1
19.701,0.075,1
19.904,0.075,1
20.113,0.075,1
20.307,0.075,1
20.519,0.074,1
20.714,0.075,1
20.921,0.075,1
21.122,0.075,1
21.327,0.075,1
21.527,0.074,1
21.738,0.074,1
21.933,0.074,1
22.140,0.075,1
22.337,0.074,1
22.542,0.075,1
22.745,0.075,1
22.953,0.075,1
23.152,0.075,1
23.352,0.075,1
23.556,0.075,1
23.766,0.075,1
23.967,0.075,1
24.175,0.075,1
24.371,0.075,1
24.579,0.075,1
24.776,0.075,1
24.978,0.075,1
25.182,0.075,1
25.384,0.075,1
25.590,0.075,1
25.795,0.075,1
25.996,0.075,1
26.202,0.075,1
26.405,0.075,1
26.611,0.075,1
26.807,0.075,1
27.018,0.075,1
27.215,0.075,1
27.416,0.075,1
27.618,0.075,1
27.830,0.075,1
28.024,0.075,1
28.233,0.075,1
28.431,0.075,1
28.642,0.075,1
28.840,0.075,1
29.040,0.075,1
29.243,0.075,1
29.452,0.075,1
29.654,0.075,1
29.861,0.075,1
30.056,0.075,1
30.265,0.075,1
30.464,0.075,1
30.666,0.075,1
30.869,0.075,1
31.077,0.075,1
31.280,0.075,1
31.483,0.075,1
31.682,0.075,1
31.891,0.075,1
32.086,0.075,1
32.290,0.075,1
32.497,0.075,1
32.704,0.075,1
32.903,0.075,1
33.112,0.075,1
33.307,0.075,1
33.515,0.075,1
33.719,0.075,1
33.919,0.075,1
34.122,0.075,1
34.328,0.075,1
34.526,0.075,1
34.734,0.075,1
34.930,0.075,1
35.142,0.075,1
35.338,0.075,1
35.548,0.075,1
35.743,0.075,1
35.954,0.075,1
36.152,0.075,1
36.358,0.075,1
36.557,0.075,1
36.759,0.075,1
36.966,0.075,1
37.173,0.075,1
37.372,0.075,1
37.579,0.075,1
37.778,0.075,1
37.979,0.075,1
38.180,0.075,1
38.394,0.075,1
38.588,0.075,1
38.790,0.075,1
38.996,0.075,1
39.205,0.075,1
39.406,0.075,1
39.602,0.075,1
39.809,0.075,1
40.016,0.075,1
40.215,0.075,1
40.422,0.075,1
40.619,0.075,1
40.829,0.075,1
41.025,0.075,1
41.237,0.075,1
41.432,0.075,1
41.640,0.075,1
41.839,0.075,1
42.043,0.075,1
42.246,0.075,1
42.446,0.075,1
42.653,0.075,1
42.861,0.075,1
43.057,0.075,1
43.264,0.075,1
43.465,0.075,1
43.666,0.075,1
43.868,0.075,1
44.079,0.075,1
44.277,0.075,1
44.486,0.075,1
44.681,0.075,1
44.890,0.075,1
45.088,0.075,1
45.295,0.075,1
45.495,0.075,1
45.705,0.075,1
45.901,0.075,1
46.112,0.075,1
46.306,0.075,1
46.517,0.075,1
46.717,0.075,1
46.921,0.075,1
47.120,0.075,1
47.329,0.075,1
47.526,0.075,1
47.734,0.075,1
47.933,0.075,1
48.134,0.075,1
48.340,0.075,1
48.548,0.075,1
48.746,0.075,1
48.955,0.075,1
49.153,0.075,1
49.353,0.075,1
49.555,0.075,1
49.769,0.075,1
49.965,0.075,1
50.166,0.075,1
50.370,0.075,1
50.578,0.075,1
50.780,0.075,1
50.977,0.075,1
51.182,0.075,1
51.393,0.075,1
51.590,0.075,1
51.799,0.075,1
51.996,0.075,1
52.204,0.075,1
52.400,0.075,1
52.612,0.075,1
52.807,0.075,1
53.017,0.075,1
53.216,0.075,1
53.417,0.075,1
53.618,0.075,1
53.821,0.075,1
54.029,0.075,1
54.237,0.075,1
54.433,0.075,1
54.639,0.075,1
54.841,0.075,1
55.048,0.075,1
55.247,0.075,1
55.452,0.075,1
55.653,0.075,1
55.862,0.075,1
56.055,0.075,1
56.265,0.075,1
56.463,0.075,1
56.667,0.075,1
56.872,0.075,1
57.077,0.075,1
57.277,0.075,1
57.485,0.075,1
57.683,0.075,1
57.892,0.075,1
58.086,0.075,1
58.298,0.075,1
58.495,0.075,1
58.703,0.075,1
58.903,0.075,1
59.109,0.075,1
59.306,0.075,1
59.509,0.075,1
59.714,0.075,1
59.923,0.075,1
60.121,0.075,1
60.326,0.075,1
60.528,0.075,1
60.736,0.075,1
60.931,0.075,1
61.144,0.075,1
61.341,0.075,1
61.540,0.075,2
61.745,0.075,2
61.954,0.075,2
62.150,0.075,2
62.355,0.075,2
62.556,0.075,2
62.767,0.075,2
62.966,0.075,2
63.166,0.075,2
63.368,0.075,2
63.579,0.075,2
63.776,0.075,2
63.987,0.075,2
64.181,0.075,2
64.390,0.075,2
64.590,0.075,2
64.792,0.075,2
64.994,0.075,2
65.197,0.075,2
65.402,0.075,2
65.610,0.075,2
65.808,0.075,2
66.018,0.075,2
66.213,0.075,2
66.416,0.075,2
66.622,0.075,2
66.828,0.075,2
67.025,0.075,2
67.234,0.075,2
67.432,0.075,2
67.640,0.075,2
67.837,0.075,2
68.046,0.075,2
68.245,0.075,2
68.453,0.075,2
68.655,0.075,2
68.859,0.075,2
69.056,0.075,2
69.264,0.075,2
69.466,0.075,2
69.673,0.075,2
69.872,0.075,2
70.080,0.075,2
70.280,0.075,2
70.479,0.075,2
70.681,0.075,2
70.889,0.075,2
71.088,0.075,2
71.290,0.075,2
71.497,0.075,2
71.703,0.075,2
71.904,0.075,2
72.112,0.075,2
72.306,0.075,2
72.517,0.075,2
72.715,0.075,2
72.923,0.075,2
73.119,0.075,2
73.329,0.075,2
73.526,0.075,2
73.727,0.075,2
73.931,0.075,2
74.143,0.075,2
74.338,0.075,2
74.541,0.075,2
74.743,0.075,2
74.954,0.075,2
75.150,0.075,2
75.363,0.075,2
75.556,0.075,2
75.766,0.075,2
75.965,0.075,2
76.168,0.075,2
76.368,0.075,2
76.576,0.075,2
76.778,0.075,2
76.986,0.075,2
77.182,0.075,2
77.390,0.075,2
77.591,0.075,2
77.796,0.075,2
77.995,0.075,2
78.202,0.075,2
78.402,0.075,2
78.611,0.075,2
78.806,0.075,2
79.015,0.075,2
79.213,0.075,2
79.417,0.075,2
79.619,0.075,2
79.829,0.075,2
80.026,0.075,2
80.238,0.075,2
80.434,0.075,2
80.633,0.075,2
80.842,0.075,2
81.049,0.075,2
81.245,0.075,2
81.453,0.075,2
81.654,0.075,2
81.859,0.075,2
82.056,0.075,2
82.260,0.075,2
82.466,0.075,2
82.666,0.075,2
82.871,0.075,2
83.080,0.075,2
83.280,0.075,2
83.478,0.075,2
83.682,0.075,2
83.893,0.075,2
84.092,0.075,2
84.299,0.075,2
84.494,0.075,2
84.705,0.075,2
84.900,0.075,2
85.102,0.075,2
85.307,0.075,2
85.517,0.075,2
85.715,0.075,2
85.922,0.075,2
86.119,0.075,2
86.328,0.075,2
86.525,0.075,2
86.736,0.075,2
86.932,0.075,2
87.141,0.075,2
87.341,0.075,2
87.543,0.075,2
87.743,0.075,2
87.952,0.075,2
88.151,0.075,2
88.363,0.075,2
88.558,0.075,2
88.765,0.075,2
88.964,0.075,2
89.171,0.075,2
89.372,0.075,2
89.577,0.075,2
89.778,0.075,2
89.986,0.075,2
90.182,0.075,2
90.389,0.075,2
90.588,0.075,2
90.795,0.075,2
90.996,0.075,2
91.204,0.075,2
91.404,0.075,2
91.603,0.075,2
91.807,0.075,2
92.014,0.075,2
92.215,0.075,2
92.423,0.075,2
92.621,0.075,2
92.830,0.075,2
93.030,0.075,2
93.235,0.075,2
93.432,0.075,2
93.635,0.075,2
93.838,0.075,2
94.049,0.075,2
94.245,0.075,2
94.456,0.075,2
94.650,0.075,2
94.853,0.075,2
95.057,0.075,2
95.269,0.075,2
95.463,0.075,2
95.666,0.075,2
95.870,0.075,2
96.079,0.075,2
96.280,0.075,2
96.480,0.075,2
96.681,0.075,2
96.894,0.075,2
97.089,0.075,2
97.297,0.075,2
97.494,0.075,2
97.705,0.075,2
97.905,0.075,2
98.103,0.075,2
98.306,0.075,2
98.516,0.075,2
98.713,0.075,2
98.918,0.075,2
99.118,0.075,2
99.327,0.075,2
99.525,0.075,2
99.737,0.075,2
99.930,0.075,2
100.141,0.075,2
100.339,0.075,2
100.548,0.075,2
100.747,0.075,2
100.953,0.075,2
101.150,0.075,2
101.360,0.075,2
101.555,0.075,2
101.766,0.075,2
101.961,0.075,2
102.168,0.075,2
102.369,0.075,2
102.578,0.075,2
102.776,0.076,2
102.983,0.075,2
103.182,0.075,2
103.391,0.075,2
103.592,0.075,2
103.797,0.075,2
103.993,0.076,2
104.204,0.075,2
104.405,0.075,2
104.609,0.075,2
104.809,0.075,2
105.009,0.076,2
105.215,0.075,2
105.422,0.075,2
105.620,0.076,2
105.829,0.076,2
106.024,0.075,2
106.228,0.076,2
106.432,0.076,2
106.644,0.076,2
106.841,0.076,2
107.049,0.076,2
107.243,0.076,2
107.453,0.075,2
107.650,0.075,2
107.855,0.075,2
108.056,0.075,2
108.267,0.075,2
108.465,0.075,2
108.665,0.075,2
108.868,0.075,2
109.077,0.076,2
109.279,0.075,2
109.488,0.075,2
109.681,0.075,2
109.891,0.075,2
110.091,0.075,2
110.293,0.075,2
110.497,0.076,2
110.701,0.076,2
110.904,0.076,2
111.109,0.076,2
111.305,0.076,2
111.518,0.076,2
111.715,0.076,2
111.915,0.076,2
112.122,0.076,2
112.328,0.076,2
112.528,0.075,2
112.736,0.075,2
112.930,0.075,2
113.143,0.076,2
113.343,0.076,2
113.546,0.075,2
113.747,0.075,2
113.955,0.075,2
114.151,0.076,2
114.362,0.075,2
114.555,0.076,2
114.767,0.075,2
114.961,0.075,2
115.175,0.075,2
115.372,0.076,2
115.581,0.076,2
115.778,0.075,2
115.984,0.076,2
116.182,0.075,2
116.386,0.075,2
116.587,0.075,2
116.799,0.075,2
116.997,0.075,2
117.205,0.075,2
117.402,0.076,2
117.602,0.076,2
117.807,0.076,2
118.017,0.076,2
118.216,0.076,2
118.423,0.076,2
118.619,0.076,2
118.827,0.075,2
119.033,0.076,2
119.229,0.076,2
119.431,0.076,2
119.642,0.076,2
119.838,0.076,2
120.048,0.076,2
120.242,0.076,2
120.455,0.075,2
120.653,0.076,2
120.862,0.076,2
121.055,0.076,2
121.265,0.076,2
121.463,0.076,2
121.667,0.076,3
121.870,0.076,3
122.077,0.076,3
122.276,0.076,3
122.487,0.076,3
122.683,0.076,3
122.883,0.076,3
123.089,0.076,3
123.296,0.076,3
123.496,0.076,3
123.704,0.076,3
123.902,0.076,3
124.109,0.076,3
124.307,0.076,3
124.518,0.076,3
124.712,0.076,3
124.920,0.076,3
125.121,0.076,3
125.329,0.076,3
125.526,0.076,3
125.736,0.076,3
125.932,0.076,3
126.142,0.076,3
126.336,0.076,3
126.549,0.076,3
126.745,0.076,3
126.954,0.076,3
127.152,0.076,3
127.355,0.076,3
127.558,0.076,3
127.759,0.076,3
127.966,0.076,3
128.172,0.076,3
128.372,0.076,3
128.580,0.076,3
128.777,0.076,3
128.978,0.076,3
129.183,0.076,3
129.393,0.076,3
129.591,0.076,3
129.796,0.076,3
129.994,0.076,3
130.204,0.076,3
130.406,0.076,3
130.602,0.076,3
130.806,0.076,3
131.019,0.076,3
131.212,0.076,3
131.415,0.076,3
131.622,0.076,3
131.830,0.076,3
132.029,0.076,3
132.235,0.076,3
132.430,0.076,3
132.641,0.076,3
132.838,0.076,3
133.043,0.076,3
133.243,0.076,3
133.451,0.076,3
133.653,0.076,3
133.860,0.076,3
134.057,0.076,3
134.265,0.076,3
134.465,0.076,3
134.671,0.076,3
134.872,0.076,3
135.078,0.076,3
135.277,0.076,3
135.477,0.076,3
135.683,0.076,3
135.894,0.076,3
136.088,0.076,3
136.294,0.076,3
136.494,0.076,3
136.702,0.076,3
136.904,0.076,3
137.110,0.076,3
137.308,0.076,3
137.514,0.076,3
137.711,0.076,3
137.925,0.076,3
138.122,0.076,3
138.329,0.076,3
138.526,0.076,3
138.734,0.076,3
138.930,0.076,3
139.136,0.076,3
139.339,0.076,3
139.541,0.076,3
139.743,0.076,3
139.955,0.076,3
140.155,0.076,3
140.352,0.076,3
140.559,0.076,3
140.768,0.076,3
140.966,0.076,3
141.173,0.076,3
141.369,0.076,3
141.578,0.076,3
141.774,0.076,3
141.978,0.076,3
142.182,0.076,3
142.393,0.076,3
142.589,0.076,3
142.799,0.076,3
142.997,0.076,3
143.205,0.076,3
143.400,0.076,3
143.610,0.076,3
143.808,0.076,3
144.017,0.076,3
144.214,0.076,3
144.420,0.076,3
144.619,0.076,3
144.822,0.076,3
145.030,0.076,3
145.237,0.076,3
145.431,0.076,3
145.640,0.076,3
145.838,0.076,3
146.047,0.076,3
146.244,0.076,3
146.453,0.076,3
146.655,0.076,3
146.852,0.076,3
147.058,0.076,3
147.258,0.076,3
147.462,0.076,3
147.671,0.076,3
147.870,0.076,3
148.079,0.076,3
148.279,0.076,3
148.486,0.076,3
148.682,0.076,3
148.889,0.076,3
149.091,0.076,3
149.298,0.076,3
149.496,0.076,3
149.705,0.076,3
149.901,0.076,3
150.108,0.076,3
150.307,0.076,3
150.510,0.076,3
150.715,0.076,3
150.925,0.076,3
151.121,0.076,3
151.330,0.076,3
151.527,0.076,3
151.734,0.076,3
151.931,0.076,3
152.144,0.076,3
152.338,0.076,3
152.549,0.076,3
152.744,0.076,3
152.954,0.076,3
153.157,0.076,3
153.353,0.076,3
153.558,0.076,3
153.769,0.076,3
153.963,0.076,3
154.166,0.076,3
154.368,0.076,3
154.580,0.076,3
154.780,0.076,3
154.986,0.076,3
155.182,0.076,3
155.390,0.076,3
155.591,0.076,3
155.793,0.076,3
155.996,0.076,3
156.196,0.076,3
156.403,0.076,3
156.610,0.076,3
156.806,0.076,3
157.015,0.076,3
157.213,0.076,3
157.421,0.076,3
157.619,0.076,3
157.827,0.076,3
158.026,0.076,3
158.236,0.076,3
158.432,0.076,3
158.642,0.076,3
158.843,0.076,3
159.045,0.076,3
159.246,0.076,3
159.452,0.076,3
159.652,0.076,3
159.863,0.076,3
160.058,0.076,3
160.267,0.076,3
160.467,0.076,3
160.673,0.076,3
160.870,0.076,3
161.078,0.076,3
161.276,0.076,3
161.479,0.076,3
161.683,0.076,3
161.883,0.076,3
162.088,0.076,3
162.296,0.076,3
162.497,0.076,3
162.703,0.076,3
162.904,0.076,3
163.103,0.076,3
163.308,0.076,3
163.508,0.076,3
163.715,0.076,3
163.923,0.076,3
164.119,0.076,3
164.328,0.076,3
164.531,0.076,3
164.730,0.076,3
164.932,0.076,3
165.143,0.076,3
165.339,0.076,3
165.540,0.076,3
165.743,0.076,3
165.952,0.076,3
166.151,0.076,3
166.352,0.076,3
166.559,0.076,3
166.767,0.076,3
166.965,0.076,3
167.167,0.076,3
167.369,0.076,3
167.571,0.076,3
167.778,0.076,3
167.986,0.076,3
168.181,0.076,3
168.390,0.076,3
168.588,0.076,3
168.790,0.076,3
168.997,0.076,3
169.203,0.076,3
169.401,0.076,3
169.610,0.076,3
169.808,0.076,3
170.008,0.076,3
170.213,0.076,3
170.419,0.076,3
170.622,0.076,3
170.827,0.076,3
171.030,0.076,3
171.235,0.076,3
171.431,0.076,3
171.644,0.076,3
171.842,0.076,3
172.049,0.076,3
172.247,0.076,3
172.454,0.076,3
172.652,0.076,3
172.859,0.076,3
173.059,0.076,3
173.258,0.076,3
173.465,0.076,3
173.666,0.076,3
173.870,0.076,3
174.081,0.076,3
174.280,0.076,3
174.479,0.076,3
174.681,0.076,3
174.892,0.076,3
175.088,0.076,3
175.299,0.076,3
175.495,0.076,3
175.704,0.076,3
175.907,0.076,3
176.102,0.076,3
176.307,0.076,3
176.516,0.076,3
176.713,0.076,3
176.915,0.076,3
177.118,0.076,3
177.329,0.076,3
177.524,0.076,3
177.737,0.076,3
177.934,0.076,3
178.141,0.076,3
178.339,0.076,3
178.546,0.076,3
178.744,0.076,3
178.946,0.076,3
179.155,0.076,3
179.362,0.076,3
179.557,0.076,3
179.766,0.076,3
179.965,0.076,3
180.164,0.076,3
180.372,0.076,3
180.578,0.076,3
180.776,0.076,3
180.987,0.076,3
181.183,0.076,3
181.391,0.076,3
181.592,0.076,4
181.793,0.076,4
181.996,0.076,4
182.202,0.076,4
182.402,0.076,4
182.611,0.076,4
182.807,0.076,4
183.018,0.076,4
183.216,0.076,4
183.425,0.076,4
183.622,0.076,4
183.830,0.076,4
184.029,0.076,4
184.234,0.076,4
184.434,0.076,4
184.636,0.076,4
184.839,0.076,4
185.041,0.076,4
185.246,0.076,4
185.453,0.076,4
185.651,0.076,4
185.859,0.076,4
186.056,0.076,4
186.268,0.076,4
186.465,0.076,4
186.673,0.076,4
186.869,0.076,4
187.079,0.076,4
187.283,0.076,4
187.482,0.076,4
187.683,0.076,4
187.891,0.076,4
188.088,0.076,4
188.299,0.076,4
188.497,0.076,4
188.702,0.076,4
188.900,0.076,4
189.112,0.076,4
189.305,0.076,4
189.516,0.076,4
189.714,0.076,4
189.919,0.076,4
190.121,0.076,4
190.326,0.076,4
190.528,0.076,4
190.727,0.076,4
190.932,0.076,4
191.133,0.076,4
191.339,0.076,4
191.546,0.076,4
191.746,0.076,4
191.954,0.076,4
192.152,0.076,4
192.360,0.076,4
192.558,0.076,4
192.758,0.076,4
192.968,0.076,4
193.169,0.076,4
193.369,0.076,4
193.578,0.076,4
193.779,0.076,4
193.986,0.076,4
194.182,0.076,4
194.393,0.076,4
194.593,0.076,4
194.796,0.076,4
194.997,0.076,4
195.203,0.076,4
195.402,0.076,4
195.608,0.076,4
195.808,0.076,4
196.010,0.076,4
196.215,0.076,4
196.423,0.076,4
196.620,0.076,4
196.829,0.076,4
197.028,0.076,4
197.228,0.076,4
197.431,0.076,4
197.639,0.076,4
197.839,0.076,4
198.040,0.076,4
198.244,0.076,4
198.456,0.076,4
198.657,0.076,4
198.852,0.076,4
199.059,0.076,4
199.267,0.076,4
199.464,0.076,4
199.666,0.076,4
199.872,0.076,4
200.077,0.076,4
200.274,0.076,4
200.488,0.076,4
200.680,0.076,4
200.891,0.076,4
201.090,0.076,4
201.292,0.076,4
201.497,0.076,4
201.696,0.076,4
201.903,0.076,4
202.111,0.076,4
202.307,0.076,4
202.519,0.076,4
202.716,0.076,4
202.916,0.076,4
203.122,0.076,4
203.329,0.076,4
203.526,0.076,4
203.736,0.076,4
203.932,0.076,4
204.144,0.076,4
204.338,0.076,4
204.545,0.076,4
204.746,0.076,4
204.954,0.076,4
205.155,0.076,4
205.360,0.076,4
205.555,0.076,4
205.764,0.076,4
205.966,0.076,4
206.173,0.076,4
206.372,0.076,4
206.579,0.076,4
206.776,0.076,4
206.985,0.076,4
207.180,0.076,4
207.384,0.076,4
207.590,0.076,4
207.797,0.076,4
207.994,0.076,4
208.203,0.076,4
208.404,0.076,4
208.602,0.076,4
208.808,0.076,4
209.017,0.076,4
209.214,0.076,4
209.416,0.076,4
209.618,0.076,4
209.828,0.076,4
210.033,0.076,4
210.228,0.076,4
210.433,0.076,4
210.641,0.076,4
210.839,0.076,4
211.039,0.076,4
211.243,0.076,4
211.453,0.076,4
211.649,0.076,4
211.852,0.076,4
212.056,0.076,4
212.266,0.076,4
212.467,0.076,4
212.667,0.076,4
212.868,0.076,4
213.076,0.076,4
213.280,0.076,4
213.485,0.076,4
213.683,0.076,4
213.890,0.076,4
214.089,0.076,4
214.298,0.076,4
214.496,0.076,4
214.704,0.076,4
214.901,0.076,4
215.111,0.076,4
215.308,0.076,4
215.519,0.076,4
215.711,0.076,4
215.920,0.076,4
216.120,0.076,4
216.329,0.076,4
216.529,0.076,4
216.728,0.076,4
216.933,0.076,4
217.143,0.076,4
217.342,0.076,4
217.549,0.076,4
217.742,0.076,4
217.954,0.076,4
218.151,0.076,4
218.359,0.076,4
218.556,0.076,4
218.761,0.076,4
218.966,0.076,4
219.166,0.076,4
219.369,0.076,4
219.581,0.076,4
219.779,0.076,4
219.978,0.076,4
220.181,0.076,4
220.393,0.076,4
220.591,0.076,4
220.799,0.076,4
220.993,0.077,4
221.203,0.076,4
221.406,0.076,4
221.603,0.076,4
221.807,0.076,4
222.017,0.076,4
222.215,0.077,4
222.423,0.077,4
222.619,0.077,4
222.827,0.076,4
223.025,0.076,4
223.234,0.077,4
223.432,0.077,4
223.642,0.077,4
223.839,0.077,4
224.043,0.077,4
224.244,0.077,4
224.446,0.077,4
224.653,0.077,4
224.861,0.077,4
225.058,0.077,4
225.266,0.077,4
225.465,0.077,4
225.671,0.077,4
225.872,0.077,4
226.078,0.077,4
226.277,0.077,4
226.486,0.077,4
226.681,0.077,4
226.883,0.077,4
227.088,0.077,4
227.295,0.077,4
227.497,0.077,4
227.705,0.077,4
227.899,0.077,4
228.111,0.077,4
228.306,0.077,4
228.515,0.077,4
228.718,0.077,4
228.923,0.077,4
229.121,0.077,4
229.327,0.077,4
229.527,0.077,4
229.730,0.077,4
229.932,0.077,4
230.134,0.077,4
230.338,0.077,4
230.549,0.077,4
230.746,0.077,4
230.953,0.077,4
231.154,0.077,4
231.358,0.077,4
231.556,0.077,4
231.768,0.078,4
231.966,0.078,4
232.172,0.077,4
232.369,0.078,4
232.577,0.078,4
232.780,0.077,4
232.978,0.078,4
233.182,0.078,4
233.392,0.078,4
233.591,0.078,4
233.798,0.078,4
233.997,0.078,4
234.204,0.078,4
234.404,0.078,4
234.611,0.078,4
234.807,0.078,4
235.008,0.078,4
235.216,0.078,4
235.418,0.078,4
235.618,0.078,4
235.821,0.078,4
236.029,0.078,4
236.236,0.078,4
236.431,0.078,4
236.639,0.078,4
236.840,0.078,4
237.039,0.078,4
237.247,0.078,4
237.453,0.078,4
237.653,0.078,4
237.862,0.078,4
238.058,0.078,4
238.265,0.078,4
238.463,0.079,4
238.668,0.079,4
238.872,0.079,4
239.077,0.079,4
239.279,0.079,4
239.486,0.079,4
239.683,0.079,4
239.890,0.079,4
240.090,0.079,4
240.298,0.079,4
240.496,0.079,4
240.705,0.079,4
240.905,0.079,4
241.105,0.079,4
241.308,0.079,4
241.514,0.079,5
241.711,0.080,5
241.915,0.080,5
242.118,0.080,5
242.329,0.080,5
242.529,0.080,5
242.728,0.080,5
242.932,0.080,5
243.141,0.081,5
243.340,0.081,5
243.540,0.081,5
243.744,0.081,5
243.954,0.081,5
244.157,0.081,5
244.358,0.081,5
244.557,0.081,5
244.764,0.081,5
244.966,0.081,5
245.166,0.081,5
245.372,0.081,5
245.579,0.081,5
245.779,0.081,5
245.978,0.081,5
246.180,0.081,5
246.392,0.081,5
246.589,0.081,5
246.792,0.081,5
246.995,0.081,5
247.202,0.080,5
247.403,0.080,5
247.612,0.080,5
247.806,0.080,5
248.015,0.080,5
248.215,0.079,5
248.421,0.079,5
248.621,0.079,5
248.829,0.079,5
249.027,0.079,5
249.237,0.078,5
249.431,0.078,5
249.640,0.079,5
249.837,0.079,5
250.043,0.079,5
250.245,0.079,5
250.453,0.079,5
250.655,0.079,5
250.862,0.080,5
251.056,0.080,5
251.269,0.081,5
251.467,0.081,5
251.672,0.081,5
251.868,0.081,5
252.079,0.082,5
252.280,0.083,5
252.485,0.084,5
252.682,0.085,5
252.885,0.086,5
253.088,0.087,5
253.297,0.088,5
253.496,0.089,5
253.703,0.090,5
253.904,0.091,5
254.102,0.093,5
254.307,0.094,5
254.516,0.096,5
254.715,0.099,5
254.924,0.102,5
255.118,0.105,5
255.328,0.110,5
255.532,0.116,5
255.729,0.124,5
255.931,0.136,5
256.139,0.151,5
256.341,0.174,5
256.546,0.206,5
256.744,0.250,5
256.952,0.309,5
257.152,0.380,5
257.362,0.461,5
257.556,0.550,5
257.767,0.637,5
257.964,0.711,5
258.170,0.773,5
258.368,0.825,5
258.576,0.868,5
258.779,0.922,5
258.985,0.952,5
259.181,0.979,5
259.394,1.003,5
259.587,1.024,5
259.797,1.031,5
259.992,1.031,5
260.204,1.031,5
260.401,1.031,5
260.612,1.031,5
260.809,1.031,5
261.016,1.031,5
261.213,1.031,5
261.418,1.031,5
261.621,1.031,5
261.829,1.031,5
262.030,1.031,5
262.236,1.031,5
262.430,1.031,5
262.641,1.031,5
262.837,1.031,5
263.048,1.031,5
263.247,1.031,5
263.456,1.031,5
263.655,1.031,5
263.854,1.031,5
264.056,1.031,5
264.264,1.031,5
264.466,1.031,5
264.665,1.031,5
264.872,1.031,5
265.079,1.031,5
265.279,1.031,5
265.483,1.031,5
265.682,1.031,5
265.883,1.031,5
266.091,1.031,5
266.298,1.031,5
266.493,1.031,5
266.704,1.031,5
266.907,1.031,5
267.102,1.031,5
267.307,1.031,5
267.519,1.031,5
267.713,1.031,5
267.916,1.031,5
268.118,1.031,5
268.330,1.031,5
268.529,1.031,5
268.728,1.031,5
268.932,1.031,5
269.141,1.031,5
269.340,1.031,5
269.542,1.031,5
269.747,1.031,5
269.950,1.031,5
270.153,1.031,5
270.361,1.031,5
270.556,1.031,5
270.766,1.031,5
270.965,1.031,5
271.165,1.031,5
271.367,1.031,5
271.579,1.031,5
271.776,1.031,5
271.983,1.031,5
272.180,1.031,5
272.390,1.031,5
272.592,1.031,5
272.793,1.031,5
272.997,1.031,5
273.204,1.031,5
273.404,1.031,5
273.611,1.031,5
273.807,1.031,5
274.015,1.031,5
274.217,1.031,5
274.424,1.031,5
274.622,1.031,5
274.829,1.031,5
275.027,1.031,5
275.231,1.031,5
275.431,1.031,5
275.639,1.031,5
275.838,1.031,5
276.041,1.031,5
276.243,1.031,5
276.455,1.031,5
276.654,1.031,5
276.852,1.031,5
277.056,1.031,5
277.268,1.031,5
277.466,1.031,5
277.673,1.031,5
277.869,1.031,5
278.078,1.031,5
278.281,1.031,5
278.478,1.031,5
278.682,1.031,5
278.892,1.031,5
279.088,1.031,5
279.300,1.031,5
279.493,1.031,5
279.705,1.031,5
279.903,1.031,5
280.102,1.031,5
280.305,1.031,5
280.517,1.031,5
280.716,1.031,5
280.918,1.031,5
281.118,1.031,5
281.321,1.031,5
281.529,1.031,5
281.736,1.031,5
281.933,1.031,5
282.141,1.031,5
282.339,1.031,5
282.541,1.031,5
282.745,1.031,5
282.952,1.031,5
283.151,1.031,5
283.360,1.031,5
283.555,1.031,5
283.766,1.031,5
283.962,1.031,5
284.171,1.031,5
284.371,1.031,5
284.579,1.031,5
284.777,1.031,5
284.986,1.031,5
285.181,1.031,5
285.394,1.031,5
285.592,1.031,5
285.798,1.031,5
285.996,1.031,5
286.204,1.031,5
286.402,1.031,5
286.610,1.031,5
286.806,1.031,5
287.014,1.031,5
287.213,1.031,5
287.422,1.031,5
287.621,1.031,5
287.827,1.031,5
288.030,1.031,5
288.229,1.031,5
288.430,1.031,5
288.633,1.031,5
288.841,1.031,5
289.040,1.031,5
289.244,1.031,5
289.455,1.031,5
289.649,1.031,5
289.853,1.031,5
290.059,1.031,5
290.269,1.031,5
290.463,1.031,5
290.665,1.031,5
290.872,1.031,5
291.079,1.031,5
291.279,1.031,5
291.487,1.031,5
291.682,1.031,5
291.890,1.031,5
292.088,1.031,5
292.291,1.031,5
292.493,1.031,5
292.702,1.031,5
292.903,1.031,5
293.112,1.031,5
293.308,1.031,5
293.515,1.031,5
293.714,1.031,5
293.921,1.031,5
294.122,1.031,5
294.327,1.031,5
294.526,1.031,5
294.734,1.031,5
294.931,1.031,5
295.143,1.031,5
295.346,1.031,5
295.545,1.031,5
295.745,1.031,5
295.953,1.031,5
296.155,1.031,5
296.362,1.031,5
296.556,1.031,5
296.769,1.031,5
296.962,1.031,5
297.165,1.031,5
297.367,1.031,5
297.579,1.031,5
297.776,1.031,5
297.984,1.031,5
298.182,1.031,5
298.384,1.031,5
298.591,1.031,5
298.798,1.031,5
298.997,1.031,5
299.203,1.031,5
299.400,1.031,5
299.612,1.031,5
299.806,1.031,5
300.018,1.031,5
300.216,1.031,5
300.416,1.031,5
300.618,1.031,5
300.828,1.031,5
301.025,1.031,5
301.229,1.031,5
301.430,1.031,5
301.643,1.031,6
301.840,1.031,6
302.049,1.031,6
302.243,1.031,6
302.454,1.031,6
302.649,1.031,6
302.862,1.031,6
303.057,1.031,6
303.266,1.031,6
303.463,1.031,6
303.668,1.031,6
303.872,1.031,6
304.077,1.031,6
304.278,1.031,6
304.487,1.031,6
304.680,1.031,6
304.891,1.031,6
305.088,1.031,6
305.296,1.031,6
305.496,1.031,6
305.705,1.031,6
305.903,1.031,6
306.111,1.031,6
306.307,1.031,6
306.515,1.031,6
306.718,1.031,6
306.920,1.031,6
307.122,1.031,6
307.330,1.031,6
307.530,1.031,6
307.736,1.031,6
307.932,1.031,6
308.141,1.031,6
308.342,1.031,6
308.541,1.031,6
308.745,1.031,6
308.954,1.031,6
309.152,1.031,6
309.358,1.031,6
309.556,1.031,6
309.761,1.031,6
309.963,1.031,6
310.172,1.031,6
310.371,1.031,6
310.580,1.031,6
310.778,1.031,6
310.983,1.031,6
311.181,1.031,6
311.389,1.031,6
311.589,1.031,6
311.797,1.031,6
311.994,1.031,6
312.204,1.031,6
312.407,1.031,6
312.604,1.031,6
312.806,1.031,6
313.017,1.031,6
313.214,1.031,6
313.425,1.031,6
313.617,1.031,6
313.826,1.031,6
314.025,1.031,6
314.236,1.031,6
314.430,1.031,6
314.640,1.031,6
314.841,1.031,6
315.042,1.031,6
315.244,1.031,6
315.446,1.031,6
315.653,1.031,6
315.861,1.031,6
316.055,1.031,6
316.266,1.031,6
316.463,1.031,6
316.671,1.031,6
316.872,1.031,6
317.080,1.031,6
317.277,1.031,6
317.488,1.031,6
317.683,1.031,6
317.891,1.031,6
318.093,1.031,6
318.295,1.031,6
318.495,1.031,6
318.704,1.031,6
318.902,1.031,6
319.102,1.031,6
319.308,1.031,6
319.518,1.031,6
319.716,1.031,6
319.922,1.031,6
320.118,1.031,6
320.330,1.031,6
320.526,1.031,6
320.730,1.031,6
320.932,1.031,6
321.134,1.031,6
321.340,1.031,6
321.547,1.031,6
321.747,1.031,6
321.954,1.031,6
322.155,1.031,6
322.358,1.031,6
322.559,1.031,6
322.766,1.031,6
322.966,1.031,6
323.174,1.031,6
323.370,1.031,6
323.578,1.031,6
323.783,1.031,6
323.977,1.031,6
324.181,1.031,6
324.390,1.031,6
324.591,1.031,6
324.799,1.031,6
324.997,1.031,6
325.204,1.031,6
325.400,1.031,6
325.610,1.031,6
325.809,1.031,6
326.016,1.031,6
326.214,1.031,6
326.416,1.031,6
326.619,1.031,6
326.826,1.031,6
327.030,1.031,6
327.237,1.031,6
327.431,1.031,6
327.640,1.031,6
327.839,1.031,6
328.040,1.031,6
328.245,1.031,6
328.453,1.031,6
328.652,1.031,6
328.862,1.031,6
329.058,1.031,6
329.266,1.031,6
329.463,1.031,6
329.670,1.031,6
329.872,1.031,6
330.077,1.031,6
330.280,1.031,6
330.486,1.031,6
330.681,1.031,6
330.891,1.031,6
331.092,1.031,6
331.299,1.031,6
331.495,1.031,6
331.705,1.031,6
331.904,1.031,6
332.110,1.031,6
332.307,1.031,6
332.510,1.031,6
332.715,1.031,6
332.924,1.031,6
333.122,1.031,6
333.331,1.031,6
333.530,1.031,6
333.734,1.031,6
333.931,1.031,6
334.142,1.031,6
334.340,1.031,6
334.550,1.031,6
334.744,1.031,6
334.954,1.031,6
335.156,1.031,6
335.356,1.031,6
335.557,1.031,6
335.767,1.031,6
335.966,1.031,6
336.166,1.031,6
336.367,1.031,6
336.580,1.031,6
336.774,1.031,6
336.985,1.031,6
337.180,1.031,6
337.390,1.031,6
337.591,1.031,6
337.793,1.031,6
337.996,1.031,6
338.202,1.031,6
338.403,1.031,6
338.612,1.031,6
338.806,1.031,6
339.018,1.031,6
339.216,1.031,6
339.415,1.031,6
339.618,1.031,6
339.829,1.031,6
340.027,1.031,6
340.237,1.031,6
340.431,1.031,6
340.641,1.031,6
340.844,1.031,6
341.044,1.031,6
341.247,1.031,6
341.455,1.031,6
341.652,1.031,6
341.860,1.031,6
342.056,1.031,6
342.267,1.031,6
342.467,1.031,6
342.674,1.031,6
342.871,1.031,6
343.079,1.031,6
343.277,1.031,6
343.484,1.031,6
343.681,1.031,6
343.884,1.031,6
344.089,1.031,6
344.296,1.031,6
344.496,1.031,6
344.704,1.031,6
344.903,1.031,6
345.102,1.031,6
345.306,1.031,6
345.515,1.031,6
345.715,1.031,6
345.915,1.031,6
346.118,1.031,6
346.329,1.031,6
346.530,1.031,6
346.728,1.031,6
346.931,1.031,6
347.142,1.031,6
347.339,1.028,6
347.550,1.023,6
347.747,1.019,6
347.952,1.015,6
348.153,1.012,6
348.361,1.010,6
348.556,1.008,6
348.766,1.006,6
348.966,1.004,6
349.172,1.001,6
349.369,0.996,6
349.576,0.993,6
349.776,0.985,6
349.977,0.979,6
350.181,0.973,6
350.390,0.968,6
350.588,0.963,6
350.790,0.958,6
350.996,0.954,6
351.204,0.949,6
351.402,0.944,6
351.610,0.940,6
351.806,0.935,6
352.018,0.930,6
352.213,0.925,6
352.417,0.919,6
352.622,0.913,6
352.828,0.907,6
353.030,0.901,6
353.235,0.896,6
353.434,0.891,6
353.633,0.887,6
353.841,0.883,6
354.049,0.879,6
354.243,0.875,6
354.456,0.871,6
354.651,0.867,6
354.860,0.863,6
355.057,0.859,6
355.261,0.856,6
355.463,0.853,6
355.674,0.850,6
355.870,0.846,6
356.081,0.844,6
356.277,0.840,6
356.477,0.837,6
356.680,0.833,6
356.892,0.829,6
357.091,0.825,6
357.298,0.821,6
357.495,0.817,6
357.703,0.813,6
357.908,0.810,6
358.108,0.806,6
358.307,0.803,6
358.517,0.799,6
358.713,0.796,6
358.925,0.792,6
359.119,0.788,6
359.330,0.783,6
359.530,0.778,6
359.735,0.774,6
359.933,0.770,6
360.142,0.767,6
360.340,0.766,6
360.543,0.764,6
360.745,0.763,6
360.948,0.762,6
361.152,0.760,6
361.360,0.758,6
361.556,0.755,7
361.769,0.753,7
361.965,0.750,7
362.172,0.748,7
362.368,0.745,7
362.576,0.743,7
362.777,0.740,7
362.984,0.737,7
363.184,0.734,7
363.390,0.731,7
363.587,0.729,7
363.791,0.727,7
363.997,0.725,7
364.204,0.722,7
364.401,0.719,7
364.602,0.716,7
364.806,0.713,7
365.014,0.708,7
365.217,0.704,7
365.423,0.700,7
365.620,0.696,7
365.828,0.692,7
366.028,0.689,7
366.234,0.685,7
366.433,0.681,7
366.638,0.678,7
366.840,0.674,7
367.047,0.670,7
367.246,0.666,7
367.454,0.662,7
367.653,0.658,7
367.852,0.654,7
368.056,0.651,7
368.268,0.648,7
368.465,0.645,7
368.666,0.642,7
368.868,0.639,7
369.078,0.635,7
369.283,0.632,7
369.480,0.627,7
369.681,0.624,7
369.893,0.621,7
370.090,0.618,7
370.296,0.616,7
370.496,0.613,7
370.704,0.610,7
370.901,0.607,7
371.112,0.604,7
371.307,0.601,7
371.508,0.598,7
371.717,0.595,7
371.916,0.593,7
372.117,0.590,7
372.326,0.588,7
372.528,0.585,7
372.733,0.583,7
372.932,0.581,7
373.133,0.579,7
373.340,0.578,7
373.540,0.577,7
373.746,0.576,7
373.952,0.574,7
374.152,0.573,7
374.359,0.571,7
374.559,0.570,7
374.767,0.568,7
374.963,0.566,7
375.170,0.564,7
375.371,0.562,7
375.577,0.560,7
375.780,0.558,7
375.987,0.557,7
376.184,0.557,7
376.383,0.556,7
376.592,0.555,7
376.799,0.555,7
376.995,0.554,7
377.202,0.553,7
377.402,0.552,7
377.610,0.551,7
377.806,0.549,7
378.011,0.548,7
378.214,0.547,7
378.415,0.546,7
378.618,0.545,7
378.828,0.545,7
379.029,0.544,7
379.233,0.543,7
379.434,0.543,7
379.641,0.542,7
379.840,0.541,7
380.048,0.540,7
380.244,0.538,7
380.454,0.537,7
380.656,0.536,7
380.854,0.534,7
381.056,0.533,7
381.267,0.531,7
381.466,0.530,7
381.664,0.529,7
381.868,0.528,7
382.078,0.527,7
382.280,0.525,7
382.485,0.523,7
382.681,0.521,7
382.891,0.519,7
383.088,0.516,7
383.293,0.515,7
383.497,0.512,7
383.698,0.510,7
383.903,0.509,7
384.112,0.506,7
384.307,0.504,7
384.515,0.503,7
384.712,0.500,7
384.916,0.499,7
385.121,0.496,7
385.328,0.494,7
385.527,0.492,7
385.734,0.490,7
385.933,0.488,7
386.143,0.485,7
386.343,0.484,7
386.542,0.482,7
386.747,0.481,7
386.953,0.479,7
387.155,0.478,7
387.360,0.477,7
387.558,0.476,7
387.767,0.475,7
387.961,0.474,7
388.174,0.473,7
388.372,0.473,7
388.578,0.473,7
388.777,0.473,7
388.981,0.472,7
389.180,0.472,7
389.386,0.471,7
389.591,0.470,7
389.799,0.469,7
389.995,0.468,7
390.204,0.467,7
390.403,0.465,7
390.604,0.463,7
390.807,0.461,7
391.017,0.458,7
391.215,0.455,7
391.416,0.453,7
391.619,0.451,7
391.829,0.449,7
392.033,0.448,7
392.229,0.448,7
392.432,0.449,7
392.643,0.450,7
392.840,0.452,7
393.039,0.454,7
393.244,0.456,7
393.454,0.458,7
393.654,0.458,7
393.861,0.458,7
394.056,0.456,7
394.267,0.454,7
394.463,0.451,7
394.667,0.449,7
394.869,0.446,7
395.077,0.444,7
395.278,0.441,7
395.485,0.439,7
395.681,0.436,7
395.893,0.434,7
396.091,0.432,7
396.297,0.430,7
396.495,0.428,7
396.703,0.427,7
396.902,0.426,7
397.103,0.425,7
397.306,0.424,7
397.508,0.422,7
397.718,0.421,7
397.919,0.419,7
398.118,0.418,7
398.327,0.416,7
398.528,0.415,7
398.727,0.413,7
398.930,0.412,7
399.142,0.410,7
399.337,0.408,7
399.550,0.406,7
399.747,0.404,7
399.956,0.401,7
400.152,0.399,7
400.358,0.397,7
400.557,0.395,7
400.765,0.393,7
400.962,0.392,7
401.165,0.392,7
401.370,0.391,7
401.579,0.391,7
401.780,0.392,7
401.985,0.393,7
402.181,0.393,7
402.392,0.394,7
402.590,0.394,7
402.791,0.395,7
402.995,0.395,7
403.202,0.395,7
403.407,0.394,7
403.604,0.394,7
403.807,0.394,7
404.018,0.392,7
404.216,0.391,7
404.416,0.390,7
404.622,0.388,7
404.829,0.386,7
405.024,0.385,7
405.238,0.383,7
405.432,0.380,7
405.640,0.379,7
405.838,0.377,7
406.043,0.375,7
406.245,0.374,7
406.452,0.373,7
406.655,0.373,7
406.859,0.372,7
407.057,0.371,7
407.258,0.371,7
407.466,0.370,7
407.671,0.369,7
407.872,0.368,7
408.078,0.367,7
408.278,0.367,7
408.485,0.368,7
408.683,0.369,7
408.891,0.370,7
409.088,0.371,7
409.295,0.372,7
409.492,0.372,7
409.705,0.371,7
409.900,0.370,7
410.102,0.370,7
410.307,0.370,7
410.518,0.371,7
410.713,0.371,7
410.923,0.373,7
411.120,0.374,7
411.329,0.374,7
411.525,0.374,7
411.734,0.373,7
411.930,0.370,7
412.135,0.365,7
412.338,0.360,7
412.548,0.356,7
412.747,0.352,7
412.953,0.349,7
413.151,0.346,7
413.353,0.342,7
413.556,0.338,7
413.767,0.334,7
413.965,0.329,7
414.172,0.326,7
414.368,0.320,7
414.578,0.319,7
414.782,0.314,7
414.978,0.312,7
415.184,0.310,7
415.383,0.308,7
415.588,0.307,7
415.791,0.305,7
415.993,0.304,7
416.203,0.303,7
416.400,0.302,7
416.611,0.302,7
416.806,0.301,7
417.015,0.298,7
417.215,0.294,7
417.422,0.289,7
417.619,0.284,7
417.827,0.280,7
418.029,0.276,7
418.236,0.273,7
418.430,0.271,7
418.643,0.270,7
418.839,0.268,7
419.047,0.267,7
419.247,0.266,7
419.453,0.265,7
419.654,0.265,7
419.860,0.266,7
420.059,0.268,7
420.266,0.270,7
420.468,0.272,7
420.666,0.272,7
420.870,0.269,7
421.079,0.266,7
421.276,0.260,7
421.487,0.256,8
421.681,0.254,8
421.894,0.253,8
422.088,0.253,8
422.300,0.252,8
422.494,0.252,8
422.702,0.252,8
422.901,0.252,8
423.109,0.252,8
423.305,0.251,8
423.510,0.251,8
423.714,0.250,8
423.915,0.249,8
424.121,0.247,8
424.329,0.247,8
424.530,0.246,8
424.728,0.244,8
424.931,0.244,8
425.142,0.243,8
425.337,0.242,8
425.541,0.241,8
425.744,0.241,8
425.954,0.240,8
426.150,0.239,8
426.354,0.238,8
426.555,0.238,8
426.767,0.237,8
426.964,0.237,8
427.166,0.237,8
427.371,0.238,8
427.578,0.240,8
427.775,0.243,8
427.987,0.247,8
428.184,0.248,8
428.391,0.247,8
428.592,0.243,8
428.793,0.238,8
428.994,0.233,8
429.197,0.229,8
429.404,0.226,8
429.611,0.224,8
429.808,0.222,8
430.015,0.221,8
430.215,0.220,8
430.421,0.219,8
430.622,0.219,8
430.828,0.218,8
431.026,0.217,8
431.237,0.216,8
431.433,0.215,8
431.641,0.214,8
431.843,0.214,8
432.044,0.213,8
432.247,0.213,8
432.452,0.212,8
432.654,0.212,8
432.860,0.212,8
433.057,0.211,8
433.268,0.211,8
433.461,0.210,8
433.673,0.210,8
433.871,0.209,8
434.078,0.208,8
434.279,0.208,8
434.480,0.208,8
434.682,0.207,8
434.885,0.207,8
435.092,0.207,8
435.298,0.206,8
435.495,0.206,8
435.705,0.206,8
435.902,0.205,8
436.109,0.205,8
436.306,0.205,8
436.513,0.205,8
436.713,0.205,8
436.923,0.205,8
437.119,0.204,8
437.328,0.204,8
437.533,0.204,8
437.727,0.204,8
437.934,0.204,8
438.141,0.203,8
438.341,0.203,8
438.549,0.203,8
438.743,0.204,8
438.951,0.205,8
439.150,0.205,8
439.362,0.205,8
439.556,0.204,8
439.766,0.203,8
439.964,0.202,8
440.171,0.201,8
440.368,0.201,8
440.576,0.201,8
440.775,0.201,8
440.977,0.200,8
441.184,0.200,8
441.390,0.199,8
441.589,0.199,8
441.796,0.199,8
441.995,0.198,8
442.202,0.198,8
442.402,0.198,8
442.609,0.197,8
442.806,0.197,8
443.014,0.196,8
443.212,0.196,8
443.417,0.196,8
443.622,0.195,8
443.829,0.195,8
444.030,0.195,8
444.237,0.195,8
444.431,0.195,8
444.642,0.195,8
444.836,0.194,8
445.049,0.194,8
445.247,0.194,8
445.452,0.193,8
445.652,0.193,8
445.860,0.193,8
446.056,0.193,8
446.261,0.193,8
446.465,0.192,8
446.673,0.192,8
446.871,0.192,8
447.078,0.192,8
447.278,0.191,8
447.479,0.191,8
447.681,0.190,8
447.893,0.190,8
448.090,0.190,8
448.290,0.189,8
448.494,0.189,8
448.703,0.188,8
448.908,0.188,8
449.105,0.188,8
449.306,0.187,8
449.519,0.187,8
449.715,0.187,8
449.925,0.186,8
450.118,0.186,8
450.328,0.186,8
450.530,0.185,8
450.736,0.185,8
450.933,0.185,8
451.140,0.184,8
451.341,0.184,8
451.541,0.184,8
451.743,0.184,8
451.946,0.184,8
452.153,0.183,8
452.362,0.183,8
452.555,0.183,8
452.768,0.183,8
452.964,0.183,8
453.164,0.183,8
453.371,0.183,8
453.578,0.183,8
453.780,0.183,8
453.987,0.183,8
454.183,0.183,8
454.390,0.183,8
454.593,0.183,8
454.791,0.184,8
454.995,0.184,8
455.201,0.184,8
455.404,0.184,8
455.611,0.184,8
455.807,0.184,8
456.019,0.185,8
456.217,0.185,8
456.423,0.185,8
456.617,0.185,8
456.827,0.185,8
457.027,0.184,8
457.234,0.184,8
457.430,0.184,8
457.639,0.184,8
457.841,0.184,8
458.048,0.184,8
458.247,0.184,8
458.453,0.183,8
458.652,0.183,8
458.854,0.183,8
459.058,0.183,8
459.268,0.183,8
459.466,0.183,8
459.666,0.183,8
459.870,0.183,8
460.077,0.183,8
460.275,0.184,8
460.477,0.184,8
460.681,0.185,8
460.893,0.185,8
461.091,0.186,8
461.290,0.186,8
461.494,0.187,8
461.703,0.187,8
461.901,0.187,8
462.112,0.187,8
462.306,0.187,8
462.517,0.187,8
462.715,0.186,8
462.916,0.186,8
463.119,0.185,8
463.321,0.184,8
463.530,0.184,8
463.736,0.183,8
463.931,0.183,8
464.141,0.182,8
464.339,0.181,8
464.546,0.180,8
464.746,0.180,8
464.954,0.179,8
465.152,0.178,8
465.359,0.177,8
465.557,0.177,8
465.768,0.176,8
465.962,0.175,8
466.167,0.175,8
466.369,0.174,8
466.578,0.174,8
466.780,0.172,8
466.985,0.172,8
467.184,0.171,8
467.383,0.171,8
467.591,0.170,8
467.797,0.169,8
467.996,0.169,8
468.204,0.169,8
468.404,0.168,8
468.604,0.168,8
468.807,0.167,8
469.010,0.166,8
469.215,0.166,8
469.415,0.166,8
469.618,0.165,8
469.828,0.165,8
470.027,0.164,8
470.237,0.164,8
470.432,0.163,8
470.633,0.163,8
470.841,0.163,8
471.049,0.162,8
471.244,0.162,8
471.452,0.161,8
471.657,0.161,8
471.855,0.160,8
472.057,0.160,8
472.266,0.160,8
472.466,0.159,8
472.666,0.159,8
472.869,0.159,8
473.078,0.158,8
473.274,0.158,8
473.486,0.157,8
473.681,0.157,8
473.892,0.157,8
474.090,0.157,8
474.293,0.156,8
474.493,0.156,8
474.700,0.156,8
474.903,0.155,8
475.112,0.155,8
475.306,0.155,8
475.518,0.154,8
475.713,0.154,8
475.922,0.154,8
476.120,0.154,8
476.328,0.153,8
476.526,0.153,8
476.737,0.153,8
476.931,0.153,8
477.144,0.153,8
477.338,0.152,8
477.544,0.152,8
477.745,0.152,8
477.952,0.151,8
478.151,0.151,8
478.362,0.151,8
478.557,0.151,8
478.768,0.151,8
478.966,0.150,8
479.174,0.150,8
479.371,0.150,8
479.577,0.150,8
479.779,0.150,8
479.984,0.150,8
480.182,0.149,8
480.384,0.149,8
480.589,0.149,8
480.791,0.149,8
480.997,0.149,8
481.203,0.148,8
481.405,0.148,8
481.608,0.148,9
481.807,0.148,9
482.014,0.148,9
482.214,0.148,9
482.416,0.147,9
482.619,0.147,9
482.829,0.147,9
483.032,0.147,9
483.229,0.147,9
483.431,0.147,9
483.642,0.147,9
483.839,0.147,9
484.039,0.147,9
484.247,0.147,9
484.453,0.147,9
484.654,0.146,9
484.852,0.146,9
485.056,0.146,9
485.266,0.146,9
485.464,0.146,9
485.666,0.146,9
485.868,0.146,9
486.077,0.146,9
486.276,0.146,9
486.477,0.146,9
486.683,0.146,9
486.890,0.145,9
487.091,0.145,9
487.290,0.145,9
487.492,0.145,9
487.702,0.145,9
487.902,0.145,9
488.103,0.145,9
488.306,0.145,9
488.519,0.145,9
488.713,0.145,9
488.917,0.145,9
489.120,0.145,9
489.329,0.145,9
489.529,0.144,9
489.734,0.144,9
489.931,0.144,9
490.142,0.144,9
490.342,0.144,9
490.549,0.144,9
490.745,0.144,9
490.955,0.144,9
491.150,0.144,9
491.360,0.144,9
491.556,0.143,9
491.759,0.143,9
491.962,0.143,9
492.166,0.143,9
492.370,0.142,9
492.579,0.142,9
492.779,0.142,9
492.983,0.142,9
493.182,0.142,9
493.394,0.142,9
493.590,0.142,9
493.790,0.142,9
493.994,0.142,9
494.201,0.142,9
494.399,0.142,9
494.604,0.142,9
494.805,0.142,9
495.017,0.141,9
495.214,0.141,9
495.415,0.141,9
495.618,0.141,9
495.827,0.141,9
496.030,0.141,9
496.237,0.141,9
496.431,0.141,9
496.641,0.141,9
496.838,0.141,9
497.043,0.141,9
497.247,0.141,9
497.446,0.141,9
497.654,0.141,9
497.852,0.141,9
498.055,0.141,9
498.264,0.141,9
498.463,0.141,9
498.671,0.141,9
498.871,0.141,9
499.077,0.141,9
499.277,0.141,9
499.487,0.141,9
499.683,0.140,9
499.890,0.140,9
500.088,0.140,9
500.293,0.140,9
500.496,0.140,9
500.696,0.140,9
500.901,0.140,9
501.110,0.140,9
501.305,0.140,9
501.519,0.140,9
501.715,0.140,9
501.924,0.140,9
502.119,0.139,9
502.327,0.139,9
502.526,0.139,9
502.734,0.139,9
502.933,0.139,9
503.133,0.139,9
503.340,0.139,9
503.540,0.139,9
503.747,0.139,9
503.955,0.139,9
504.152,0.139,9
504.352,0.139,9
504.557,0.139,9
504.766,0.139,9
504.964,0.139,9
505.174,0.139,9
505.370,0.139,9
505.578,0.139,9
505.782,0.139,9
505.978,0.139,9
506.182,0.139,9
506.389,0.138,9
506.588,0.139,9
506.799,0.139,9
506.996,0.139,9
507.204,0.139,9
507.403,0.139,9
507.609,0.138,9
507.809,0.138,9
508.016,0.138,9
508.216,0.138,9
508.418,0.138,9
508.620,0.138,9
508.822,0.138,9
509.027,0.138,9
509.238,0.138,9
509.432,0.138,9
509.640,0.138,9
509.841,0.138,9
510.040,0.138,9
510.243,0.138,9
510.453,0.138,9
510.651,0.138,9
510.863,0.138,9
511.055,0.138,9
511.266,0.138,9
511.463,0.138,9
511.666,0.138,9
511.871,0.138,9
512.076,0.138,9
512.280,0.138,9
512.477,0.139,9
512.680,0.139,9
512.894,0.139,9
513.089,0.139,9
513.298,0.139,9
513.494,0.139,9
513.704,0.139,9
513.901,0.139,9
514.104,0.139,9
514.308,0.139,9
514.510,0.139,9
514.716,0.139,9
514.922,0.139,9
515.120,0.139,9
515.329,0.139,9
515.527,0.139,9
515.737,0.139,9
515.931,0.139,9
516.139,0.140,9
516.339,0.140,9
516.547,0.140,9
516.744,0.140,9
516.954,0.140,9
517.157,0.140,9
517.352,0.140,9
517.556,0.141,9
517.767,0.141,9
517.966,0.141,9
518.165,0.141,9
518.372,0.141,9
518.579,0.141,9
518.776,0.141,9
518.986,0.141,9
519.180,0.142,9
519.392,0.142,9
519.590,0.142,9
519.790,0.142,9
519.995,0.142,9
520.202,0.142,9
520.403,0.142,9
520.612,0.143,9
520.808,0.143,9
521.018,0.143,9
521.216,0.143,9
521.422,0.144,9
521.622,0.144,9
521.829,0.144,9
522.026,0.144,9
522.237,0.144,9
522.432,0.144,9
522.640,0.144,9
522.837,0.145,9
523.046,0.145,9
523.245,0.145,9
523.452,0.145,9
523.655,0.145,9
523.859,0.146,9
524.056,0.146,9
524.268,0.146,9
524.467,0.146,9
524.673,0.146,9
524.871,0.147,9
525.077,0.147,9
525.277,0.147,9
525.485,0.147,9
525.681,0.147,9
525.886,0.148,9
526.091,0.148,9
526.290,0.148,9
526.496,0.148,9
526.705,0.148,9
526.903,0.148,9
527.103,0.149,9
527.305,0.149,9
527.519,0.149,9
527.714,0.149,9
527.916,0.150,9
528.119,0.150,9
528.328,0.150,9
528.530,0.151,9
528.728,0.151,9
528.930,0.151,9
529.141,0.151,9
529.340,0.151,9
529.540,0.151,9
529.743,0.151,9
529.954,0.151,9
530.150,0.151,9
530.361,0.151,9
530.555,0.152,9
530.769,0.152,9
530.964,0.152,9
531.172,0.152,9
531.369,0.152,9
531.575,0.152,9
531.778,0.153,9
531.987,0.153,9
532.181,0.153,9
532.390,0.153,9
532.590,0.153,9
532.798,0.153,9
532.996,0.153,9
533.202,0.153,9
533.402,0.153,9
533.611,0.153,9
533.807,0.153,9
534.015,0.153,9
534.219,0.153,9
534.421,0.153,9
534.622,0.153,9
534.829,0.153,9
535.029,0.153,9
535.237,0.153,9
535.430,0.153,9
535.644,0.153,9
535.843,0.153,9
536.049,0.153,9
536.242,0.153,9
536.453,0.153,9
536.655,0.153,9
536.854,0.153,9
537.057,0.153,9
537.260,0.153,9
537.463,0.153,9
537.666,0.153,9
537.872,0.152,9
538.079,0.152,9
538.280,0.152,9
538.478,0.152,9
538.683,0.152,9
538.891,0.152,9
539.089,0.151,9
539.295,0.151,9
539.495,0.151,9
539.702,0.151,9
539.905,0.151,9
540.104,0.151,9
540.307,0.150,9
540.517,0.150,9
540.715,0.150,9
540.924,0.150,9
541.122,0.150,9
541.330,0.150,9
541.530,0.149,10
541.738,0.149,10
541.931,0.149,10
542.140,0.148,10
542.339,0.148,10
542.546,0.148,10
542.747,0.148,10
542.951,0.148,10
543.155,0.148,10
543.363,0.147,10
543.557,0.147,10
543.766,0.147,10
543.966,0.147,10
544.172,0.147,10
544.372,0.146,10
544.578,0.146,10
544.778,0.146,10
544.987,0.145,10
545.182,0.145,10
545.390,0.145,10
545.593,0.144,10
545.795,0.144,10
545.996,0.144,10
546.205,0.144,10
546.401,0.143,10
546.611,0.143,10
546.807,0.142,10
547.018,0.142,10
547.211,0.142,10
547.424,0.141,10
547.618,0.141,10
547.830,0.141,10
548.027,0.141,10
548.233,0.140,10
548.430,0.140,10
548.635,0.139,10
548.841,0.139,10
549.047,0.139,10
549.246,0.139,10
549.452,0.138,10
549.655,0.138,10
549.854,0.138,10
550.055,0.137,10
550.268,0.137,10
550.465,0.136,10
550.673,0.136,10
550.870,0.136,10
551.077,0.135,10
551.275,0.135,10
551.479,0.135,10
551.681,0.135,10
551.892,0.134,10
552.087,0.134,10
552.299,0.133,10
552.493,0.133,10
552.703,0.133,10
552.900,0.132,10
553.109,0.132,10
553.306,0.132,10
553.516,0.132,10
553.714,0.131,10
553.917,0.131,10
554.118,0.130,10
554.327,0.130,10
554.527,0.130,10
554.735,0.130,10
554.931,0.129,10
555.140,0.129,10
555.342,0.129,10
555.541,0.129,10
555.746,0.128,10
555.955,0.128,10
556.151,0.127,10
556.362,0.127,10
556.557,0.127,10
556.764,0.127,10
556.969,0.126,10
557.169,0.126,10
557.371,0.126,10
557.578,0.126,10
557.776,0.125,10
557.986,0.125,10
558.183,0.125,10
558.392,0.124,10
558.592,0.124,10
558.798,0.124,10
558.994,0.124,10
559.203,0.123,10
559.404,0.123,10
559.604,0.123,10
559.807,0.123,10
560.009,0.123,10
560.214,0.122,10
560.421,0.122,10
560.621,0.122,10
560.830,0.121,10
561.025,0.121,10
561.227,0.121,10
561.431,0.121,10
561.643,0.121,10
561.841,0.121,10
562.040,0.121,10
562.243,0.120,10
562.454,0.120,10
562.659,0.120,10
562.853,0.120,10
563.056,0.120,10
563.268,0.120,10
563.462,0.119,10
563.675,0.119,10
563.872,0.119,10
564.079,0.119,10
564.275,0.119,10
564.486,0.118,10
564.682,0.118,10
564.893,0.118,10
565.090,0.118,10
565.296,0.118,10
565.496,0.118,10
565.702,0.118,10
565.899,0.118,10
566.102,0.118,10
566.308,0.117,10
566.515,0.117,10
566.713,0.117,10
566.923,0.117,10
567.119,0.117,10
567.331,0.117,10
567.530,0.117,10
567.728,0.117,10
567.933,0.117,10
568.140,0.117,10
568.337,0.116,10
568.546,0.116,10
568.747,0.116,10
568.951,0.116,10
569.151,0.116,10
569.361,0.116,10
569.558,0.116,10
569.758,0.116,10
569.967,0.116,10
570.173,0.115,10
570.371,0.115,10
570.578,0.115,10
570.777,0.115,10
570.979,0.115,10
571.181,0.115,10
571.386,0.115,10
571.589,0.115,10
571.796,0.115,10
571.996,0.115,10
572.205,0.115,10
572.402,0.115,10
572.602,0.115,10
572.807,0.115,10
573.019,0.114,10
573.213,0.115,10
573.415,0.114,10
573.618,0.114,10
573.830,0.114,10
574.025,0.114,10
574.228,0.114,10
574.430,0.114,10
574.640,0.114,10
574.841,0.114,10
575.039,0.114,10
575.247,0.114,10
575.453,0.114,10
575.653,0.114,10
575.861,0.114,10
576.056,0.114,10
576.265,0.114,10
576.463,0.114,10
576.671,0.114,10
576.871,0.114,10
577.072,0.114,10
577.278,0.114,10
577.486,0.114,10
577.681,0.114,10
577.883,0.114,10
578.088,0.114,10
578.290,0.114,10
578.496,0.114,10
578.703,0.113,10
578.901,0.113,10
579.111,0.114,10
579.307,0.114,10
579.519,0.114,10
579.712,0.113,10
579.920,0.113,10
580.119,0.113,10
580.327,0.113,10
580.528,0.113,10
580.735,0.113,10
580.933,0.113,10
581.143,0.113,10
581.342,0.113,10
581.546,0.113,10
581.747,0.113,10
581.954,0.113,10
582.155,0.113,10
582.354,0.113,10
582.558,0.113,10
582.759,0.113,10
582.965,0.113,10
583.173,0.113,10
583.368,0.113,10
583.578,0.112,10
583.778,0.112,10
583.977,0.112,10
584.182,0.112,10
584.392,0.112,10
584.589,0.112,10
584.798,0.113,10
584.998,0.113,10
585.204,0.113,10
585.408,0.113,10
585.609,0.113,10
585.807,0.112,10
586.009,0.112,10
586.217,0.112,10
586.425,0.112,10
586.622,0.112,10
586.830,0.112,10
587.024,0.112,10
587.237,0.112,10
587.434,0.112,10
587.643,0.112,10
587.840,0.112,10
588.046,0.112,10
588.243,0.112,10
588.452,0.112,10
588.655,0.112,10
588.852,0.112,10
589.055,0.112,10
589.268,0.112,10
589.464,0.112,10
589.673,0.112,10
589.868,0.112,10
590.081,0.112,10
590.278,0.112,10
590.485,0.112,10
590.682,0.112,10
590.885,0.112,10
591.094,0.112,10
591.296,0.112,10
591.493,0.112,10
591.697,0.112,10
591.905,0.111,10
592.112,0.111,10
592.308,0.111,10
592.519,0.111,10
592.715,0.111,10
592.925,0.111,10
593.122,0.111,10
593.331,0.111,10
593.528,0.111,10
593.729,0.111,10
593.933,0.111,10
594.134,0.111,10
594.340,0.111,10
594.541,0.111,10
594.746,0.111,10
594.952,0.111,10
595.155,0.111,10
595.359,0.111,10
595.557,0.111,10
595.768,0.111,10
595.966,0.111,10
596.173,0.111,10
596.370,0.111,10
596.580,0.111,10
596.781,0.111,10
596.978,0.111,10
597.181,0.111,10
597.389,0.111,10
597.588,0.111,10
597.796,0.111,10
597.997,0.111,10
598.204,0.111,10
598.405,0.111,10
598.610,0.111,10
598.807,0.111,10
599.017,0.111,10
599.213,0.111,10
599.418,0.111,10
599.619,0.111,10
599.826,0.111,10
600.027,0.110,10
600.234,0.110,10
600.433,0.110,10
600.643,0.110,10
600.838,0.110,10
601.047,0.110,10
601.246,0.110,10
601.451,0.110,10
601.652,0.110,11
601.860,0.110,11
602.059,0.110,11
602.266,0.110,11
602.463,0.110,11
602.668,0.110,11
602.867,0.110,11
603.078,0.110,11
603.280,0.110,11
603.477,0.110,11
603.683,0.110,11
603.894,0.110,11
604.093,0.110,11
604.299,0.110,11
604.496,0.110,11
604.705,0.110,11
604.902,0.109,11
605.110,0.110,11
605.308,0.109,11
605.511,0.109,11
605.713,0.109,11
605.923,0.109,11
606.120,0.109,11
606.331,0.109,11
606.528,0.109,11
606.734,0.109,11
606.932,0.109,11
607.143,0.109,11
607.341,0.109,11
607.550,0.109,11
607.743,0.109,11
607.955,0.109,11
608.156,0.109,11
608.354,0.109,11
608.556,0.109,11
608.767,0.109,11
608.964,0.109,11
609.173,0.108,11
609.369,0.109,11
609.578,0.108,11
609.781,0.108,11
609.984,0.108,11
610.181,0.108,11
610.392,0.108,11
610.589,0.108,11
610.792,0.108,11
610.996,0.108,11
611.201,0.108,11
611.402,0.108,11
611.612,0.108,11
611.805,0.108,11
612.008,0.108,11
612.216,0.108,11
612.421,0.107,11
612.620,0.107,11
612.829,0.107,11
613.028,0.107,11
613.237,0.107,11
613.430,0.107,11
613.639,0.107,11
613.838,0.107,11
614.045,0.106,11
614.247,0.106,11
614.453,0.106,11
614.650,0.106,11
614.861,0.106,11
615.055,0.106,11
615.267,0.106,11
615.467,0.106,11
615.672,0.106,11
615.872,0.106,11
616.080,0.106,11
616.278,0.106,11
616.485,0.105,11
616.683,0.105,11
616.889,0.105,11
617.089,0.105,11
617.296,0.105,11
617.494,0.105,11
617.701,0.105,11
617.904,0.105,11
618.107,0.105,11
618.307,0.105,11
618.518,0.105,11
618.713,0.105,11
618.923,0.104,11
619.119,0.104,11
619.329,0.104,11
619.532,0.104,11
619.727,0.104,11
619.930,0.104,11
620.142,0.104,11
620.339,0.104,11
620.540,0.103,11
620.744,0.103,11
620.953,0.103,11
621.153,0.103,11
621.362,0.103,11
621.556,0.103,11
621.764,0.103,11
621.965,0.103,11
622.168,0.103,11
622.372,0.103,11
622.577,0.102,11
622.777,0.102,11
622.987,0.102,11
623.183,0.102,11
623.389,0.102,11
623.589,0.102,11
623.790,0.102,11
623.996,0.102,11
624.202,0.102,11
624.401,0.102,11
624.611,0.101,11
624.809,0.101,11
625.018,0.101,11
625.218,0.101,11
625.421,0.101,11
625.620,0.101,11
625.829,0.101,11
626.025,0.101,11
626.238,0.100,11
626.433,0.100,11
626.643,0.100,11
626.837,0.100,11
627.050,0.100,11
627.246,0.100,11
627.455,0.100,11
627.651,0.100,11
627.856,0.100,11
628.055,0.100,11
628.264,0.099,11
628.466,0.099,11
628.674,0.099,11
628.872,0.099,11
629.077,0.099,11
629.278,0.099,11
629.486,0.099,11
629.682,0.099,11
629.883,0.099,11
630.092,0.099,11
630.296,0.099,11
630.493,0.099,11
630.703,0.098,11
630.900,0.098,11
631.104,0.098,11
631.307,0.098,11
631.518,0.098,11
631.716,0.098,11
631.924,0.098,11
632.118,0.098,11
632.326,0.097,11
632.526,0.097,11
632.736,0.097,11
632.932,0.097,11
633.141,0.097,11
633.339,0.097,11
633.541,0.097,11
633.744,0.097,11
633.952,0.097,11
634.153,0.097,11
634.360,0.097,11
634.558,0.097,11
634.758,0.097,11
634.965,0.097,11
635.173,0.096,11
635.372,0.096,11
635.578,0.096,11
635.776,0.096,11
635.977,0.096,11
636.180,0.096,11
636.390,0.096,11
636.592,0.096,11
636.794,0.096,11
636.996,0.096,11
637.203,0.096,11
637.401,0.096,11
637.609,0.096,11
637.805,0.096,11
638.019,0.095,11
638.216,0.095,11
638.424,0.095,11
638.622,0.095,11
638.828,0.095,11
639.030,0.095,11
639.231,0.095,11
639.431,0.095,11
639.635,0.095,11
639.840,0.095,11
640.041,0.095,11
640.246,0.095,11
640.456,0.095,11
640.653,0.095,11
640.854,0.095,11
641.055,0.094,11
641.266,0.094,11
641.463,0.094,11
641.672,0.094,11
641.870,0.094,11
642.079,0.094,11
642.283,0.094,11
642.480,0.094,11
642.683,0.094,11
642.892,0.094,11
643.090,0.094,11
643.297,0.094,11
643.497,0.094,11
643.703,0.094,11
643.905,0.094,11
644.112,0.094,11
644.307,0.094,11
644.515,0.094,11
644.713,0.094,11
644.917,0.094,11
645.118,0.094,11
645.322,0.094,11
645.525,0.093,11
645.727,0.093,11
645.930,0.093,11
646.141,0.093,11
646.337,0.093,11
646.540,0.093,11
646.743,0.093,11
646.954,0.093,11
647.154,0.093,11
647.362,0.093,11
647.556,0.093,11
647.765,0.093,11
647.963,0.093,11
648.170,0.093,11
648.367,0.093,11
648.579,0.093,11
648.775,0.093,11
648.978,0.093,11
649.180,0.093,11
649.390,0.093,11
649.591,0.093,11
649.800,0.092,11
649.995,0.093,11
650.202,0.093,11
650.400,0.092,11
650.608,0.092,11
650.808,0.092,11
651.010,0.092,11
651.212,0.092,11
651.425,0.092,11
651.620,0.092,11
651.827,0.092,11
652.025,0.092,11
652.228,0.092,11
652.432,0.092,11
652.633,0.092,11
652.841,0.092,11
653.049,0.092,11
653.245,0.092,11
653.453,0.092,11
653.657,0.092,11
653.853,0.092,11
654.055,0.092,11
654.268,0.092,11
654.465,0.092,11
654.672,0.091,11
654.868,0.091,11
655.077,0.091,11
655.275,0.091,11
655.486,0.091,11
655.681,0.091,11
655.891,0.091,11
656.088,0.091,11
656.293,0.091,11
656.493,0.091,11
656.700,0.091,11
656.899,0.091,11
657.102,0.091,11
657.305,0.091,11
657.516,0.091,11
657.714,0.091,11
657.917,0.091,11
658.120,0.091,11
658.329,0.091,11
658.527,0.091,11
658.735,0.091,11
658.934,0.091,11
659.133,0.091,11
659.344,0.091,11
659.544,0.091,11
659.743,0.091,11
659.952,0.091,11
660.150,0.091,11
660.360,0.091,11
660.555,0.091,11
660.766,0.091,11
660.966,0.091,11
661.173,0.091,11
661.371,0.091,11
661.579,0.091,12
661.780,0.091,12
661.984,0.091,12
662.183,0.091,12
662.386,0.091,12
662.589,0.090,12
662.797,0.090,12
662.997,0.090,12
663.202,0.090,12
663.400,0.090,12
663.608,0.090,12
663.808,0.090,12
664.016,0.091,12
664.214,0.090,12
664.416,0.090,12
664.619,0.090,12
664.827,0.090,12
665.030,0.090,12
665.229,0.090,12
665.431,0.090,12
665.642,0.090,12
665.842,0.090,12
666.041,0.090,12
666.244,0.090,12
666.455,0.090,12
666.653,0.090,12
666.860,0.090,12
667.057,0.090,12
667.267,0.090,12
667.465,0.090,12
667.668,0.090,12
667.872,0.090,12
668.077,0.090,12
668.280,0.090,12
668.486,0.090,12
668.682,0.090,12
668.890,0.090,12
669.089,0.090,12
669.291,0.090,12
669.497,0.090,12
669.702,0.090,12
669.902,0.090,12
670.112,0.090,12
670.308,0.090,12
670.514,0.090,12
670.712,0.090,12
670.921,0.090,12
671.122,0.090,12
671.327,0.090,12
671.530,0.089,12
671.736,0.089,12
671.930,0.089,12
672.140,0.089,12
672.337,0.089,12
672.548,0.089,12
672.747,0.089,12
672.955,0.089,12
673.151,0.089,12
673.359,0.089,12
673.558,0.089,12
673.764,0.089,12
673.964,0.089,12
674.173,0.089,12
674.369,0.089,12
674.579,0.089,12
674.780,0.089,12
674.978,0.089,12
675.182,0.089,12
675.394,0.089,12
675.590,0.089,12
675.791,0.089,12
675.994,0.089,12
676.202,0.089,12
676.410,0.088,12
676.605,0.088,12
676.809,0.088,12
677.016,0.088,12
677.215,0.088,12
677.415,0.088,12
677.621,0.088,12
677.829,0.088,12
678.024,0.088,12
678.236,0.088,12
678.430,0.088,12
678.640,0.088,12
678.839,0.088,12
679.043,0.088,12
679.247,0.088,12
679.448,0.088,12
679.653,0.088,12
679.861,0.088,12
680.058,0.088,12
680.258,0.088,12
680.464,0.088,12
680.665,0.088,12
680.868,0.088,12
681.078,0.088,12
681.277,0.088,12
681.486,0.088,12
681.682,0.088,12
681.891,0.088,12
682.093,0.088,12
682.293,0.088,12
682.493,0.088,12
682.702,0.088,12
682.902,0.088,12
683.110,0.088,12
683.309,0.088,12
683.517,0.088,12
683.718,0.088,12
683.923,0.088,12
684.120,0.088,12
684.329,0.088,12
684.528,0.088,12
684.734,0.088,12
684.930,0.088,12
685.140,0.088,12
685.341,0.088,12
685.549,0.088,12
685.744,0.087,12
685.952,0.087,12
686.154,0.087,12
686.359,0.087,12
686.557,0.087,12
686.766,0.087,12
686.966,0.087,12
687.165,0.087,12
687.370,0.087,12
687.579,0.087,12
687.782,0.087,12
687.979,0.087,12
688.181,0.087,12
688.385,0.087,12
688.591,0.087,12
688.799,0.087,12
688.997,0.087,12
689.204,0.087,12
689.404,0.087,12
