1.416,0.081,1
1.621,0.081,1
1.831,0.081,1
2.028,0.081,1
2.238,0.081,1
2.435,0.081,1
2.643,0.081,1
2.841,0.080,1
3.047,0.081,1
3.251,0.081,1
3.449,0.080,1
3.655,0.080,1
3.861,0.080,1
4.062,0.080,1
4.269,0.080,1
4.464,0.080,1
4.675,0.080,1
4.874,0.080,1
5.080,0.080,1
5.278,0.080,1
5.488,0.080,1
5.683,0.080,1
5.893,0.080,1
6.088,0.080,1
6.292,0.080,1
6.497,0.080,1
6.705,0.080,1
6.905,0.080,1
7.110,0.080,1
7.311,0.079,1
7.517,0.079,1
7.715,0.079,1
7.923,0.079,1
8.122,0.079,1
8.323,0.079,1
8.528,0.079,1
8.738,0.079,1
8.932,0.079,1
9.134,0.079,1
9.338,0.079,1
9.549,0.079,1
9.747,0.079,1
9.954,0.079,1
10.151,0.079,1
10.360,0.079,1
10.560,0.079,1
10.767,0.079,1
10.964,0.079,1
11.173,0.079,1
11.373,0.080,1
11.574,0.080,1
11.780,0.080,1
11.983,0.080,1
12.186,0.080,1
12.394,0.080,1
12.588,0.080,1
12.799,0.080,1
12.998,0.080,1
13.203,0.080,1
13.404,0.080,1
13.612,0.080,1
13.810,0.080,1
14.019,0.080,1
14.215,0.080,1
14.416,0.080,1
14.619,0.080,1
14.828,0.080,1
15.028,0.080,1
15.237,0.080,1
15.434,0.080,1
15.645,0.080,1
15.838,0.080,1
16.051,0.080,1
16.250,0.080,1
16.457,0.080,1
16.650,0.080,1
16.862,0.080,1
17.059,0.080,1
17.261,0.080,1
17.465,0.080,1
17.666,0.080,1
17.872,0.080,1
18.081,0.080,1
18.276,0.080,1
18.486,0.080,1
18.683,0.080,1
18.885,0.080,1
19.091,0.080,1
19.297,0.080,1
19.496,0.080,1
19.704,0.080,1
19.901,0.080,1
20.109,0.080,1
20.308,0.080,1
20.510,0.080,1
20.713,0.080,1
20.924,0.080,1
21.122,0.080,1
21.323,0.080,1
21.529,0.080,1
21.735,0.080,1
21.933,0.080,1
22.142,0.080,1
22.341,0.080,1
22.551,0.080,1
22.744,0.080,1
22.951,0.080,1
23.154,0.080,1
23.353,0.080,1
23.562,0.080,1
23.770,0.080,1
23.963,0.080,1
24.175,0.080,1
24.370,0.080,1
24.578,0.080,1
24.778,0.080,1
24.987,0.080,1
25.184,0.080,1
25.394,0.080,1
25.588,0.080,1
25.798,0.080,1
25.996,0.080,1
26.198,0.080,1
26.405,0.080,1
26.610,0.080,1
26.809,0.080,1
27.018,0.080,1
27.214,0.080,1
27.426,0.080,1
27.626,0.080,1
27.832,0.080,1
28.030,0.080,1
28.235,0.080,1
28.435,0.080,1
28.636,0.080,1
28.841,0.080,1
29.043,0.080,1
29.248,0.080,1
29.456,0.080,1
29.654,0.081,1
29.860,0.080,1
30.063,0.081,1
30.268,0.081,1
30.465,0.081,1
30.666,0.081,1
30.872,0.081,1
31.073,0.081,1
31.278,0.081,1
31.485,0.081,1
31.690,0.081,1
31.887,0.080,1
32.088,0.080,1
32.300,0.080,1
32.497,0.081,1
32.705,0.081,1
32.900,0.081,1
33.111,0.081,1
33.307,0.081,1
33.520,0.081,1
33.716,0.081,1
33.924,0.081,1
34.123,0.081,1
34.331,0.081,1
34.527,0.081,1
34.729,0.081,1
34.934,0.081,1
35.145,0.081,1
35.338,0.081,1
35.548,0.081,1
35.746,0.081,1
35.954,0.081,1
36.153,0.081,1
36.359,0.081,1
36.559,0.081,1
36.769,0.081,1
36.966,0.081,1
37.171,0.081,1
37.370,0.081,1
37.578,0.081,1
37.776,0.081,1
37.985,0.081,1
38.186,0.081,1
38.392,0.081,1
38.588,0.081,1
38.798,0.081,1
38.994,0.081,1
39.207,0.081,1
39.404,0.081,1
39.613,0.081,1
39.812,0.081,1
40.012,0.081,1
40.213,0.081,1
40.421,0.081,1
40.624,0.081,1
40.822,0.081,1
41.028,0.081,1
41.235,0.081,1
41.435,0.081,1
41.636,0.081,1
41.841,0.081,1
42.050,0.081,1
42.246,0.081,1
42.456,0.081,1
42.652,0.081,1
42.860,0.081,1
43.059,0.081,1
43.260,0.081,1
43.465,0.081,1
43.676,0.081,1
43.871,0.081,1
44.083,0.081,1
44.276,0.081,1
44.488,0.081,1
44.687,0.081,1
44.891,0.081,1
45.088,0.081,1
45.298,0.081,1
45.499,0.081,1
45.699,0.081,1
45.904,0.081,1
46.109,0.081,1
46.311,0.081,1
46.518,0.081,1
46.713,0.081,1
46.923,0.081,1
47.122,0.081,1
47.329,0.081,1
47.530,0.081,1
47.738,0.081,1
47.935,0.081,1
48.145,0.081,1
48.340,0.081,1
48.547,0.081,1
48.751,0.081,1
48.953,0.081,1
49.153,0.081,1
49.363,0.081,1
49.563,0.081,1
49.760,0.081,1
49.963,0.081,1
50.173,0.081,1
50.375,0.081,1
50.581,0.081,1
50.778,0.081,1
50.986,0.081,1
51.185,0.081,1
51.391,0.081,1
51.588,0.081,1
51.794,0.081,1
51.995,0.081,1
52.208,0.081,1
52.402,0.081,1
52.613,0.081,1
52.809,0.081,1
53.017,0.081,1
53.213,0.082,1
53.424,0.082,1
53.624,0.082,1
53.833,0.082,1
54.029,0.082,1
54.236,0.082,1
54.433,0.082,1
54.635,0.082,1
54.839,0.082,1
55.049,0.082,1
55.245,0.082,1
55.447,0.082,1
55.652,0.082,1
55.860,0.082,1
56.057,0.082,1
56.268,0.082,1
56.463,0.082,1
56.675,0.082,1
56.872,0.082,1
57.075,0.082,1
57.279,0.082,1
57.485,0.082,1
57.684,0.082,1
57.894,0.082,1
58.091,0.082,1
58.291,0.082,1
58.496,0.082,1
58.705,0.082,1
58.903,0.082,1
59.110,0.082,1
59.307,0.082,1
59.519,0.082,1
59.715,0.082,1
59.922,0.082,1
60.125,0.082,1
60.328,0.082,1
60.529,0.082,1
60.737,0.082,1
60.935,0.082,1
61.143,0.082,1
61.339,0.082,1
61.550,0.082,2
61.748,0.082,2
61.957,0.082,2
62.154,0.082,2
62.360,0.082,2
62.559,0.082,2
62.767,0.082,2
62.963,0.082,2
63.166,0.082,2
63.370,0.082,2
63.573,0.082,2
63.776,0.082,2
63.985,0.082,2
64.186,0.082,2
64.385,0.082,2
64.590,0.082,2
64.800,0.082,2
64.996,0.082,2
65.205,0.082,2
65.402,0.082,2
65.611,0.082,2
65.813,0.082,2
66.011,0.082,2
66.213,0.082,2
66.425,0.082,2
66.621,0.082,2
66.831,0.082,2
67.029,0.082,2
67.234,0.082,2
67.432,0.082,2
67.645,0.082,2
67.838,0.082,2
68.048,0.082,2
68.247,0.082,2
68.454,0.082,2
68.651,0.082,2
68.860,0.082,2
69.062,0.082,2
69.269,0.082,2
69.463,0.082,2
69.675,0.082,2
69.872,0.082,2
70.080,0.082,2
70.278,0.082,2
70.487,0.082,2
70.684,0.082,2
70.892,0.082,2
71.091,0.082,2
71.291,0.082,2
71.497,0.082,2
71.698,0.082,2
71.905,0.082,2
72.110,0.082,2
72.312,0.082,2
72.520,0.082,2
72.713,0.082,2
72.925,0.082,2
73.120,0.082,2
73.332,0.082,2
73.528,0.082,2
73.738,0.082,2
73.937,0.082,2
74.137,0.082,2
74.340,0.082,2
74.543,0.082,2
74.748,0.082,2
74.956,0.082,2
75.153,0.082,2
75.360,0.082,2
75.559,0.082,2
75.760,0.082,2
75.964,0.082,2
76.176,0.082,2
76.373,0.082,2
76.573,0.082,2
76.777,0.082,2
76.985,0.082,2
77.189,0.082,2
77.386,0.082,2
77.588,0.082,2
77.801,0.082,2
77.996,0.082,2
78.203,0.082,2
78.405,0.082,2
78.611,0.082,2
78.808,0.082,2
79.019,0.082,2
79.213,0.082,2
79.424,0.082,2
79.620,0.082,2
79.827,0.082,2
80.028,0.082,2
80.229,0.082,2
80.437,0.082,2
80.635,0.082,2
80.838,0.082,2
81.041,0.082,2
81.246,0.082,2
81.448,0.082,2
81.654,0.082,2
81.863,0.082,2
82.059,0.082,2
82.266,0.082,2
82.464,0.082,2
82.673,0.082,2
82.870,0.082,2
83.079,0.082,2
83.275,0.082,2
83.486,0.082,2
83.684,0.082,2
83.891,0.082,2
84.090,0.082,2
84.300,0.082,2
84.500,0.082,2
84.707,0.082,2
84.903,0.082,2
85.112,0.082,2
85.312,0.082,2
85.516,0.082,2
85.713,0.082,2
85.921,0.082,2
86.121,0.082,2
86.329,0.082,2
86.529,0.082,2
86.738,0.082,2
86.934,0.082,2
87.142,0.082,2
87.338,0.082,2
87.550,0.082,2
87.746,0.082,2
87.955,0.083,2
88.152,0.083,2
88.363,0.083,2
88.565,0.083,2
88.760,0.083,2
88.964,0.083,2
89.172,0.083,2
89.373,0.083,2
89.572,0.083,2
89.778,0.083,2
89.987,0.083,2
90.187,0.083,2
90.385,0.083,2
90.588,0.083,2
90.799,0.083,2
90.995,0.083,2
91.206,0.083,2
91.400,0.083,2
91.609,0.083,2
91.808,0.083,2
92.020,0.083,2
92.213,0.083,2
92.423,0.083,2
92.622,0.083,2
92.828,0.083,2
93.030,0.083,2
93.235,0.083,2
93.434,0.083,2
93.643,0.083,2
93.838,0.083,2
94.048,0.083,2
94.246,0.083,2
94.453,0.083,2
94.653,0.083,2
94.860,0.083,2
95.063,0.083,2
95.268,0.083,2
95.465,0.083,2
95.671,0.083,2
95.873,0.083,2
96.081,0.083,2
96.279,0.083,2
96.488,0.083,2
96.685,0.083,2
96.893,0.083,2
97.090,0.083,2
97.294,0.083,2
97.498,0.083,2
97.706,0.083,2
97.903,0.083,2
98.111,0.083,2
98.311,0.083,2
98.511,0.083,2
98.714,0.083,2
98.926,0.083,2
99.121,0.083,2
99.331,0.083,2
99.526,0.083,2
99.736,0.083,2
99.933,0.083,2
100.134,0.083,2
100.339,0.084,2
100.548,0.083,2
100.746,0.083,2
100.947,0.084,2
101.155,0.084,2
101.362,0.083,2
101.561,0.083,2
101.769,0.083,2
101.965,0.084,2
102.176,0.084,2
102.372,0.084,2
102.576,0.084,2
102.775,0.084,2
102.985,0.084,2
103.185,0.084,2
103.393,0.084,2
103.588,0.084,2
103.802,0.084,2
103.997,0.084,2
104.206,0.084,2
104.403,0.084,2
104.611,0.084,2
104.808,0.084,2
105.019,0.084,2
105.214,0.084,2
105.416,0.084,2
105.627,0.084,2
105.828,0.084,2
106.029,0.084,2
106.235,0.084,2
106.434,0.084,2
106.644,0.084,2
106.839,0.084,2
107.049,0.084,2
107.250,0.084,2
107.454,0.084,2
107.653,0.084,2
107.862,0.084,2
108.059,0.084,2
108.263,0.084,2
108.463,0.083,2
108.668,0.083,2
108.873,0.083,2
109.083,0.084,2
109.278,0.083,2
109.487,0.084,2
109.685,0.084,2
109.892,0.083,2
110.090,0.083,2
110.298,0.083,2
110.499,0.083,2
110.704,0.083,2
110.903,0.083,2
111.109,0.083,2
111.314,0.083,2
111.516,0.084,2
111.714,0.083,2
111.922,0.083,2
112.119,0.084,2
112.322,0.083,2
112.529,0.083,2
112.736,0.084,2
112.933,0.084,2
113.145,0.084,2
113.340,0.084,2
113.541,0.084,2
113.747,0.084,2
113.951,0.084,2
114.155,0.084,2
114.354,0.084,2
114.563,0.084,2
114.769,0.084,2
114.966,0.084,2
115.172,0.084,2
115.372,0.084,2
115.581,0.084,2
115.779,0.084,2
115.987,0.084,2
116.185,0.084,2
116.395,0.084,2
116.591,0.084,2
116.799,0.084,2
116.995,0.084,2
117.200,0.084,2
117.405,0.084,2
117.611,0.084,2
117.812,0.084,2
118.018,0.084,2
118.214,0.084,2
118.424,0.084,2
118.623,0.084,2
118.833,0.084,2
119.028,0.084,2
119.237,0.084,2
119.438,0.084,2
119.643,0.084,2
119.839,0.085,2
120.041,0.084,2
120.247,0.084,2
120.448,0.084,2
120.653,0.085,2
120.862,0.085,2
121.063,0.085,2
121.260,0.085,2
121.464,0.085,3
121.676,0.085,3
121.872,0.085,3
122.081,0.085,3
122.277,0.085,3
122.486,0.085,3
122.690,0.085,3
122.887,0.085,3
123.088,0.085,3
123.299,0.085,3
123.499,0.085,3
123.704,0.085,3
123.900,0.085,3
124.111,0.085,3
124.308,0.085,3
124.510,0.085,3
124.713,0.085,3
124.923,0.085,3
125.120,0.085,3
125.327,0.085,3
125.526,0.085,3
125.728,0.085,3
125.934,0.085,3
126.142,0.085,3
126.339,0.085,3
126.548,0.085,3
126.747,0.085,3
126.947,0.085,3
127.153,0.085,3
127.363,0.085,3
127.561,0.085,3
127.769,0.085,3
127.963,0.085,3
128.173,0.085,3
128.371,0.086,3
128.577,0.086,3
128.778,0.086,3
128.987,0.086,3
129.185,0.086,3
129.395,0.086,3
129.589,0.086,3
129.799,0.086,3
129.998,0.086,3
130.206,0.087,3
130.405,0.087,3
130.612,0.087,3
130.812,0.087,3
131.011,0.087,3
131.214,0.087,3
131.417,0.087,3
131.624,0.087,3
131.828,0.087,3
132.030,0.087,3
132.235,0.087,3
132.434,0.088,3
132.636,0.088,3
132.839,0.088,3
133.050,0.088,3
133.247,0.088,3
133.455,0.088,3
133.652,0.088,3
133.862,0.088,3
134.063,0.088,3
134.261,0.088,3
134.464,0.088,3
134.674,0.088,3
134.872,0.088,3
135.083,0.088,3
135.276,0.088,3
135.485,0.088,3
135.685,0.088,3
135.894,0.088,3
136.089,0.088,3
136.298,0.088,3
136.494,0.088,3
136.701,0.088,3
136.903,0.088,3
137.108,0.088,3
137.311,0.088,3
137.519,0.088,3
137.714,0.088,3
137.927,0.088,3
138.124,0.088,3
138.330,0.088,3
138.530,0.088,3
138.737,0.088,3
138.934,0.088,3
139.142,0.088,3
139.338,0.088,3
139.541,0.088,3
139.745,0.088,3
139.949,0.088,3
140.155,0.088,3
140.361,0.088,3
140.560,0.088,3
140.768,0.088,3
140.966,0.089,3
141.175,0.089,3
141.374,0.089,3
141.582,0.089,3
141.776,0.089,3
141.985,0.089,3
142.184,0.089,3
142.392,0.089,3
142.590,0.089,3
142.791,0.089,3
142.997,0.089,3
143.198,0.089,3
143.403,0.089,3
143.610,0.089,3
143.812,0.089,3
144.017,0.089,3
144.213,0.089,3
144.424,0.089,3
144.620,0.089,3
144.829,0.089,3
145.027,0.090,3
145.236,0.090,3
145.441,0.090,3
145.635,0.090,3
145.839,0.090,3
146.050,0.090,3
146.248,0.090,3
146.455,0.090,3
146.652,0.090,3
146.860,0.090,3
147.057,0.090,3
147.269,0.090,3
147.463,0.090,3
147.673,0.090,3
147.872,0.090,3
148.080,0.090,3
148.278,0.090,3
148.484,0.090,3
148.681,0.090,3
148.895,0.090,3
149.091,0.090,3
149.300,0.090,3
149.497,0.090,3
149.708,0.090,3
149.902,0.090,3
150.109,0.090,3
150.309,0.090,3
150.520,0.090,3
150.713,0.090,3
150.922,0.090,3
151.119,0.090,3
151.327,0.090,3
151.529,0.090,3
151.737,0.090,3
151.935,0.091,3
152.141,0.090,3
152.339,0.090,3
152.550,0.090,3
152.744,0.091,3
152.956,0.091,3
153.154,0.091,3
153.363,0.091,3
153.559,0.091,3
153.767,0.091,3
153.966,0.091,3
154.168,0.091,3
154.373,0.091,3
154.572,0.091,3
154.778,0.091,3
154.985,0.091,3
155.186,0.091,3
155.386,0.091,3
155.591,0.091,3
155.802,0.091,3
155.996,0.091,3
156.207,0.091,3
156.402,0.091,3
156.612,0.091,3
156.809,0.091,3
157.010,0.091,3
157.213,0.091,3
157.425,0.091,3
157.623,0.091,3
157.831,0.091,3
158.030,0.092,3
158.235,0.092,3
158.438,0.092,3
158.643,0.092,3
158.839,0.092,3
159.048,0.092,3
159.248,0.092,3
159.449,0.092,3
159.651,0.092,3
159.859,0.092,3
160.062,0.092,3
160.267,0.092,3
160.463,0.092,3
160.672,0.092,3
160.872,0.092,3
161.079,0.092,3
161.278,0.092,3
161.484,0.092,3
161.684,0.092,3
161.891,0.093,3
162.090,0.093,3
162.301,0.093,3
162.494,0.093,3
162.701,0.093,3
162.903,0.093,3
163.111,0.093,3
163.308,0.093,3
163.517,0.093,3
163.715,0.093,3
163.926,0.093,3
164.119,0.093,3
164.332,0.093,3
164.528,0.093,3
164.738,0.093,3
164.933,0.093,3
165.142,0.093,3
165.340,0.093,3
165.545,0.093,3
165.748,0.093,3
165.957,0.093,3
166.153,0.093,3
166.360,0.093,3
166.560,0.093,3
166.766,0.093,3
166.964,0.094,3
167.174,0.094,3
167.374,0.094,3
167.579,0.094,3
167.776,0.094,3
167.986,0.094,3
168.181,0.094,3
168.385,0.094,3
168.588,0.094,3
168.800,0.094,3
168.996,0.094,3
169.206,0.094,3
169.404,0.094,3
169.610,0.094,3
169.808,0.094,3
170.018,0.094,3
170.215,0.094,3
170.423,0.094,3
170.624,0.094,3
170.830,0.094,3
171.028,0.094,3
171.229,0.094,3
171.433,0.094,3
171.644,0.094,3
171.839,0.094,3
172.051,0.094,3
172.245,0.094,3
172.455,0.094,3
172.653,0.094,3
172.860,0.094,3
173.060,0.095,3
173.269,0.095,3
173.465,0.095,3
173.666,0.095,3
173.876,0.095,3
174.075,0.095,3
174.278,0.095,3
174.485,0.095,3
174.687,0.095,3
174.893,0.095,3
175.089,0.095,3
175.301,0.095,3
175.498,0.095,3
175.705,0.095,3
175.901,0.095,3
176.111,0.095,3
176.310,0.095,3
176.518,0.095,3
176.714,0.095,3
176.918,0.095,3
177.120,0.096,3
177.330,0.095,3
177.530,0.095,3
177.737,0.095,3
177.935,0.096,3
178.141,0.096,3
178.338,0.096,3
178.541,0.096,3
178.747,0.096,3
178.956,0.096,3
179.153,0.096,3
179.362,0.096,3
179.557,0.096,3
179.765,0.096,3
179.965,0.096,3
180.174,0.096,3
180.374,0.096,3
180.579,0.096,3
180.780,0.096,3
180.986,0.096,3
181.182,0.096,3
181.393,0.096,3
181.589,0.096,4
181.798,0.096,4
181.998,0.096,4
182.204,0.096,4
182.404,0.096,4
182.603,0.096,4
182.813,0.096,4
183.018,0.096,4
183.216,0.096,4
183.424,0.096,4
183.621,0.096,4
183.824,0.096,4
184.028,0.097,4
184.235,0.096,4
184.437,0.097,4
184.643,0.096,4
184.841,0.096,4
185.041,0.096,4
185.245,0.096,4
185.452,0.096,4
185.654,0.096,4
185.859,0.096,4
186.059,0.096,4
186.270,0.096,4
186.463,0.097,4
186.675,0.097,4
186.869,0.097,4
187.082,0.097,4
187.280,0.097,4
187.488,0.097,4
187.685,0.097,4
187.892,0.097,4
188.091,0.097,4
188.292,0.097,4
188.498,0.097,4
188.703,0.097,4
188.905,0.097,4
189.109,0.097,4
189.307,0.097,4
189.517,0.097,4
189.715,0.097,4
189.922,0.097,4
190.121,0.097,4
190.332,0.097,4
190.527,0.097,4
190.736,0.097,4
190.932,0.097,4
191.141,0.097,4
191.340,0.097,4
191.550,0.097,4
191.749,0.097,4
191.947,0.097,4
192.154,0.097,4
192.363,0.097,4
192.559,0.097,4
192.767,0.097,4
192.966,0.097,4
193.174,0.097,4
193.371,0.097,4
193.575,0.097,4
193.776,0.097,4
193.984,0.097,4
194.187,0.097,4
194.394,0.097,4
194.588,0.097,4
194.797,0.097,4
194.998,0.097,4
195.197,0.097,4
195.404,0.097,4
195.610,0.097,4
195.809,0.098,4
196.018,0.098,4
196.215,0.098,4
196.424,0.098,4
196.620,0.098,4
196.823,0.098,4
197.030,0.098,4
197.236,0.098,4
197.434,0.098,4
197.644,0.098,4
197.839,0.098,4
198.049,0.098,4
198.250,0.098,4
198.447,0.098,4
198.653,0.098,4
198.860,0.098,4
199.063,0.098,4
199.262,0.098,4
199.466,0.098,4
199.666,0.098,4
199.873,0.098,4
200.080,0.098,4
200.279,0.098,4
200.484,0.098,4
200.687,0.098,4
200.893,0.098,4
201.088,0.098,4
201.300,0.098,4
201.497,0.098,4
201.706,0.098,4
201.901,0.098,4
202.110,0.098,4
202.315,0.098,4
202.513,0.098,4
202.714,0.098,4
202.927,0.098,4
203.122,0.098,4
203.333,0.098,4
203.526,0.098,4
203.738,0.098,4
203.933,0.098,4
204.145,0.098,4
204.340,0.098,4
204.547,0.098,4
204.745,0.099,4
204.954,0.098,4
205.153,0.098,4
205.354,0.098,4
205.559,0.098,4
205.770,0.098,4
205.965,0.098,4
206.175,0.098,4
206.371,0.098,4
206.578,0.098,4
206.775,0.098,4
206.986,0.098,4
207.184,0.098,4
207.391,0.098,4
207.590,0.098,4
207.801,0.099,4
207.995,0.099,4
208.201,0.099,4
208.403,0.099,4
208.610,0.099,4
208.807,0.099,4
209.016,0.099,4
209.216,0.099,4
209.425,0.099,4
209.621,0.099,4
209.823,0.099,4
210.030,0.099,4
210.235,0.099,4
210.434,0.099,4
210.642,0.099,4
210.840,0.099,4
211.042,0.099,4
211.248,0.099,4
211.455,0.099,4
211.653,0.099,4
211.862,0.099,4
212.058,0.099,4
212.261,0.099,4
212.463,0.099,4
212.676,0.099,4
212.871,0.099,4
213.078,0.099,4
213.278,0.099,4
213.487,0.099,4
213.685,0.099,4
213.888,0.099,4
214.088,0.099,4
214.301,0.099,4
214.496,0.099,4
214.704,0.099,4
214.905,0.099,4
215.110,0.099,4
215.308,0.099,4
215.519,0.099,4
215.713,0.099,4
215.924,0.099,4
216.123,0.099,4
216.325,0.099,4
216.526,0.099,4
216.730,0.099,4
216.935,0.099,4
217.143,0.099,4
217.340,0.099,4
217.551,0.099,4
217.747,0.099,4
217.954,0.099,4
218.154,0.099,4
218.360,0.099,4
218.560,0.099,4
218.768,0.099,4
218.966,0.099,4
219.174,0.099,4
219.374,0.099,4
219.579,0.099,4
219.779,0.099,4
219.985,0.099,4
220.183,0.099,4
220.394,0.099,4
220.590,0.099,4
220.800,0.099,4
221.000,0.099,4
221.204,0.099,4
221.405,0.099,4
221.613,0.099,4
221.809,0.099,4
222.012,0.099,4
222.213,0.099,4
222.417,0.099,4
222.621,0.099,4
222.823,0.099,4
223.027,0.099,4
223.237,0.099,4
223.436,0.099,4
223.634,0.099,4
223.839,0.099,4
224.046,0.099,4
224.247,0.099,4
224.454,0.099,4
224.653,0.099,4
224.860,0.099,4
225.064,0.099,4
225.260,0.099,4
225.463,0.099,4
225.666,0.099,4
225.869,0.099,4
226.073,0.099,4
226.278,0.099,4
226.485,0.099,4
226.682,0.099,4
226.892,0.099,4
227.089,0.099,4
227.298,0.099,4
227.497,0.099,4
227.699,0.099,4
227.904,0.099,4
228.104,0.099,4
228.309,0.099,4
228.519,0.099,4
228.714,0.099,4
228.926,0.099,4
229.121,0.099,4
229.330,0.099,4
229.525,0.098,4
229.735,0.099,4
229.932,0.099,4
230.142,0.098,4
230.338,0.098,4
230.551,0.098,4
230.746,0.098,4
230.951,0.099,4
231.151,0.098,4
231.360,0.098,4
231.561,0.099,4
231.769,0.099,4
231.965,0.099,4
232.172,0.099,4
232.373,0.098,4
232.581,0.098,4
232.775,0.098,4
232.987,0.098,4
233.183,0.098,4
233.390,0.098,4
233.588,0.098,4
233.792,0.099,4
233.996,0.098,4
234.205,0.098,4
234.405,0.098,4
234.612,0.098,4
234.811,0.098,4
235.010,0.098,4
235.213,0.098,4
235.426,0.098,4
235.621,0.098,4
235.830,0.098,4
236.025,0.098,4
236.238,0.098,4
236.440,0.098,4
236.637,0.098,4
236.839,0.098,4
237.049,0.098,4
237.248,0.098,4
237.456,0.098,4
237.651,0.098,4
237.861,0.098,4
238.059,0.098,4
238.269,0.098,4
238.466,0.098,4
238.673,0.098,4
238.873,0.098,4
239.075,0.098,4
239.279,0.098,4
239.485,0.098,4
239.683,0.098,4
239.895,0.098,4
240.089,0.098,4
240.299,0.098,4
240.496,0.098,4
240.704,0.098,4
240.903,0.098,4
241.113,0.098,4
241.309,0.098,4
241.516,0.098,5
241.715,0.098,5
241.923,0.098,5
242.120,0.098,5
242.326,0.098,5
242.528,0.098,5
242.736,0.098,5
242.937,0.098,5
243.135,0.098,5
243.338,0.098,5
243.550,0.098,5
243.749,0.098,5
243.957,0.098,5
244.151,0.098,5
244.360,0.098,5
244.562,0.098,5
244.767,0.098,5
244.966,0.098,5
245.168,0.098,5
245.374,0.098,5
245.581,0.098,5
245.778,0.098,5
245.985,0.098,5
246.182,0.098,5
246.395,0.097,5
246.589,0.097,5
246.800,0.097,5
246.998,0.097,5
247.205,0.097,5
247.403,0.097,5
247.610,0.097,5
247.814,0.098,5
248.010,0.098,5
248.215,0.099,5
248.424,0.099,5
248.624,0.099,5
248.823,0.099,5
249.030,0.099,5
249.236,0.099,5
249.433,0.100,5
249.644,0.100,5
249.839,0.100,5
250.047,0.100,5
250.247,0.101,5
250.450,0.102,5
250.652,0.103,5
250.854,0.104,5
251.060,0.105,5
251.269,0.106,5
251.465,0.108,5
251.674,0.110,5
251.872,0.111,5
252.078,0.113,5
252.278,0.115,5
252.486,0.117,5
252.684,0.120,5
252.894,0.122,5
253.090,0.126,5
253.298,0.130,5
253.501,0.135,5
253.704,0.141,5
253.903,0.150,5
254.113,0.163,5
254.309,0.179,5
254.519,0.201,5
254.713,0.231,5
254.916,0.271,5
255.125,0.324,5
255.333,0.386,5
255.529,0.458,5
255.738,0.537,5
255.932,0.617,5
256.136,0.687,5
256.340,0.747,5
256.541,0.797,5
256.748,0.840,5
256.955,0.876,5
257.153,0.908,5
257.361,0.936,5
257.559,0.961,5
257.769,0.984,5
257.966,1.014,5
258.166,1.031,5
258.369,1.031,5
258.574,1.031,5
258.777,1.031,5
258.987,1.031,5
259.188,1.031,5
259.386,1.031,5
259.589,1.031,5
259.791,1.031,5
259.996,1.031,5
260.205,1.031,5
260.401,1.031,5
260.613,1.031,5
260.809,1.031,5
261.010,1.031,5
261.216,1.031,5
261.424,1.031,5
261.622,1.031,5
261.829,1.031,5
262.025,1.031,5
262.235,1.031,5
262.434,1.031,5
262.644,1.031,5
262.838,1.031,5
263.047,1.031,5
263.249,1.031,5
263.454,1.031,5
263.654,1.031,5
263.861,1.031,5
264.061,1.031,5
264.269,1.031,5
264.466,1.031,5
264.673,1.031,5
264.870,1.031,5
265.074,1.031,5
265.280,1.031,5
265.484,1.031,5
265.684,1.031,5
265.893,1.031,5
266.089,1.031,5
266.296,1.031,5
266.496,1.031,5
266.706,1.031,5
266.905,1.031,5
267.112,1.031,5
267.311,1.031,5
267.512,1.031,5
267.715,1.031,5
267.916,1.031,5
268.123,1.031,5
268.333,1.031,5
268.528,1.031,5
268.738,1.031,5
268.936,1.031,5
269.136,1.031,5
269.340,1.031,5
269.548,1.031,5
269.746,1.031,5
269.955,1.031,5
270.150,1.031,5
270.363,1.031,5
270.556,1.031,5
270.763,1.031,5
270.964,1.031,5
271.172,1.031,5
271.371,1.031,5
271.581,1.031,5
271.779,1.031,5
271.986,1.031,5
272.183,1.031,5
272.385,1.031,5
272.588,1.031,5
272.799,1.031,5
272.997,1.031,5
273.199,1.031,5
273.401,1.031,5
273.609,1.031,5
273.813,1.031,5
274.017,1.031,5
274.213,1.031,5
274.416,1.031,5
274.619,1.031,5
274.824,1.031,5
275.028,1.031,5
275.235,1.031,5
275.434,1.031,5
275.645,1.031,5
275.838,1.031,5
276.048,1.031,5
276.252,1.031,5
276.451,1.031,5
276.654,1.031,5
276.860,1.031,5
277.060,1.031,5
277.269,1.031,5
277.466,1.031,5
277.676,1.031,5
277.873,1.031,5
278.081,1.031,5
278.277,1.031,5
278.488,1.031,5
278.683,1.031,5
278.887,1.031,5
279.089,1.031,5
279.293,1.031,5
279.497,1.031,5
279.707,1.031,5
279.902,1.031,5
280.113,1.031,5
280.309,1.031,5
280.511,1.031,5
280.713,1.031,5
280.926,1.031,5
281.121,1.031,5
281.333,1.031,5
281.530,1.031,5
281.736,1.031,5
281.939,1.031,5
282.139,1.031,5
282.338,1.031,5
282.551,1.031,5
282.744,1.031,5
282.948,1.031,5
283.154,1.031,5
283.362,1.031,5
283.558,1.031,5
283.769,1.031,5
283.964,1.031,5
284.174,1.031,5
284.374,1.031,5
284.575,1.031,5
284.775,1.031,5
284.985,1.031,5
285.182,1.031,5
285.394,1.031,5
285.591,1.031,5
285.798,1.031,5
285.997,1.031,5
286.205,1.031,5
286.402,1.031,5
286.610,1.031,5
286.808,1.031,5
287.020,1.031,5
287.213,1.031,5
287.424,1.031,5
287.620,1.031,5
287.828,1.031,5
288.030,1.031,5
288.235,1.031,5
288.437,1.031,5
288.643,1.031,5
288.841,1.031,5
289.047,1.031,5
289.250,1.031,5
289.458,1.031,5
289.653,1.031,5
289.863,1.031,5
290.060,1.031,5
290.268,1.031,5
290.465,1.031,5
290.668,1.031,5
290.869,1.031,5
291.080,1.031,5
291.279,1.031,5
291.487,1.031,5
291.687,1.031,5
291.891,1.031,5
292.088,1.031,5
292.300,1.031,5
292.498,1.031,5
292.704,1.031,5
292.902,1.031,5
293.110,1.031,5
293.313,1.031,5
293.510,1.031,5
293.716,1.031,5
293.926,1.031,5
294.121,1.031,5
294.331,1.031,5
294.525,1.031,5
294.737,1.031,5
294.934,1.031,5
295.144,1.031,5
295.341,1.031,5
295.548,1.031,5
295.746,1.031,5
295.954,1.031,5
296.155,1.031,5
296.353,1.031,5
296.559,1.031,5
296.760,1.031,5
296.966,1.031,5
297.173,1.031,5
297.373,1.031,5
297.578,1.031,5
297.778,1.031,5
297.985,1.031,5
298.186,1.031,5
298.392,1.031,5
298.591,1.031,5
298.797,1.031,5
298.995,1.031,5
299.203,1.031,5
299.404,1.031,5
299.610,1.031,5
299.813,1.031,5
300.020,1.031,5
300.214,1.031,5
300.422,1.031,5
300.624,1.031,5
300.832,1.031,5
301.025,1.031,5
301.236,1.031,5
301.433,1.031,5
301.636,1.031,6
301.838,1.031,6
302.043,1.031,6
302.248,1.031,6
302.456,1.031,6
302.655,1.031,6
302.863,1.031,6
303.058,1.031,6
303.260,1.031,6
303.464,1.031,6
303.676,1.031,6
303.872,1.031,6
304.081,1.031,6
304.275,1.031,6
304.483,1.031,6
304.682,1.031,6
304.891,1.031,6
305.090,1.031,6
305.299,1.031,6
305.498,1.031,6
305.708,1.031,6
305.901,1.031,6
306.110,1.031,6
306.307,1.031,6
306.518,1.031,6
306.713,1.031,6
306.922,1.031,6
307.122,1.031,6
307.327,1.031,6
307.527,1.031,6
307.733,1.031,6
307.936,1.031,6
308.145,1.031,6
308.340,1.031,6
308.548,1.031,6
308.749,1.031,6
308.948,1.031,6
309.155,1.031,6
309.362,1.031,6
309.559,1.031,6
309.760,1.031,6
309.963,1.031,6
310.174,1.031,6
310.376,1.031,6
310.574,1.031,6
310.778,1.031,6
310.986,1.031,6
311.182,1.031,6
311.392,1.031,6
311.588,1.031,6
311.801,1.031,6
311.999,1.031,6
312.205,1.031,6
312.400,1.031,6
312.610,1.031,6
312.808,1.031,6
313.012,1.031,6
313.216,1.031,6
313.417,1.031,6
313.622,1.031,6
313.823,1.031,6
314.026,1.031,6
314.235,1.031,6
314.437,1.031,6
314.641,1.031,6
314.841,1.031,6
315.051,1.031,6
315.245,1.031,6
315.456,1.031,6
315.651,1.031,6
315.862,1.031,6
316.067,1.028,6
316.259,0.998,6
316.464,0.988,6
316.675,0.969,6
316.871,0.942,6
317.073,0.924,6
317.278,0.907,6
317.486,0.890,6
317.688,0.874,6
317.885,0.858,6
318.090,0.842,6
318.298,0.827,6
318.498,0.812,6
318.705,0.797,6
318.901,0.783,6
319.105,0.769,6
319.309,0.755,6
319.519,0.742,6
319.713,0.729,6
319.922,0.717,6
320.122,0.705,6
320.324,0.693,6
320.529,0.682,6
320.735,0.671,6
320.933,0.660,6
321.143,0.649,6
321.341,0.639,6
321.541,0.629,6
321.752,0.620,6
321.949,0.611,6
322.152,0.602,6
322.362,0.593,6
322.563,0.584,6
322.766,0.576,6
322.963,0.564,6
323.173,0.560,6
323.371,0.549,6
323.583,0.542,6
323.779,0.536,6
323.987,0.529,6
324.183,0.522,6
324.385,0.516,6
324.589,0.510,6
324.791,0.504,6
324.998,0.499,6
325.198,0.493,6
325.403,0.488,6
325.611,0.484,6
325.810,0.480,6
326.011,0.476,6
326.216,0.472,6
326.422,0.467,6
326.622,0.462,6
326.831,0.457,6
327.028,0.452,6
327.238,0.448,6
327.434,0.443,6
327.641,0.439,6
327.840,0.435,6
328.041,0.431,6
328.248,0.428,6
328.448,0.425,6
328.650,0.421,6
328.860,0.418,6
329.057,0.415,6
329.270,0.412,6
329.463,0.407,6
329.672,0.406,6
329.872,0.401,6
330.075,0.399,6
330.278,0.396,6
330.484,0.393,6
330.687,0.391,6
330.894,0.388,6
331.089,0.386,6
331.300,0.383,6
331.497,0.381,6
331.704,0.378,6
331.903,0.376,6
332.112,0.374,6
332.309,0.371,6
332.519,0.370,6
332.714,0.367,6
332.916,0.365,6
333.125,0.363,6
333.325,0.361,6
333.530,0.359,6
333.738,0.357,6
333.938,0.355,6
334.144,0.353,6
334.339,0.351,6
334.549,0.349,6
334.744,0.347,6
334.953,0.346,6
335.150,0.344,6
335.362,0.342,6
335.557,0.340,6
335.767,0.338,6
335.963,0.336,6
336.171,0.334,6
336.373,0.332,6
336.572,0.331,6
336.779,0.329,6
336.988,0.328,6
337.185,0.326,6
337.395,0.325,6
337.588,0.323,6
337.797,0.322,6
337.998,0.320,6
338.204,0.319,6
338.400,0.317,6
338.612,0.316,6
338.815,0.314,6
339.016,0.313,6
339.214,0.311,6
339.425,0.310,6
339.621,0.308,6
339.822,0.307,6
340.025,0.306,6
340.237,0.305,6
340.432,0.303,6
340.642,0.302,6
340.838,0.301,6
341.047,0.299,6
341.248,0.298,6
341.451,0.297,6
341.655,0.296,6
341.854,0.295,6
342.062,0.293,6
342.269,0.292,6
342.464,0.290,6
342.676,0.289,6
342.872,0.288,6
343.078,0.287,6
343.279,0.286,6
343.485,0.284,6
343.684,0.283,6
343.894,0.283,6
344.091,0.281,6
344.301,0.280,6
344.494,0.279,6
344.700,0.278,6
344.901,0.277,6
345.110,0.276,6
345.309,0.275,6
345.509,0.274,6
345.715,0.273,6
345.926,0.272,6
346.120,0.271,6
346.330,0.270,6
346.526,0.269,6
346.735,0.268,6
346.934,0.268,6
347.142,0.266,6
347.339,0.266,6
347.541,0.265,6
347.744,0.263,6
347.955,0.262,6
348.154,0.262,6
348.363,0.261,6
348.562,0.259,6
348.761,0.258,6
348.965,0.257,6
349.176,0.257,6
349.371,0.256,6
349.574,0.255,6
349.776,0.254,6
349.986,0.253,6
350.189,0.252,6
350.385,0.251,6
350.588,0.251,6
350.800,0.250,6
350.996,0.249,6
351.204,0.248,6
351.400,0.247,6
351.611,0.247,6
351.809,0.246,6
352.010,0.245,6
352.215,0.244,6
352.425,0.244,6
352.622,0.243,6
352.824,0.242,6
353.027,0.241,6
353.235,0.241,6
353.433,0.240,6
353.643,0.239,6
353.838,0.238,6
354.050,0.238,6
354.246,0.237,6
354.455,0.236,6
354.651,0.235,6
354.862,0.235,6
355.059,0.234,6
355.267,0.233,6
355.463,0.232,6
355.676,0.232,6
355.872,0.231,6
356.076,0.230,6
356.280,0.229,6
356.485,0.229,6
356.683,0.228,6
356.893,0.228,6
357.090,0.227,6
357.300,0.226,6
357.494,0.226,6
357.708,0.225,6
357.903,0.225,6
358.112,0.224,6
358.309,0.223,6
358.516,0.222,6
358.716,0.222,6
358.918,0.221,6
359.122,0.221,6
359.330,0.220,6
359.529,0.220,6
359.735,0.219,6
359.934,0.218,6
360.135,0.218,6
360.341,0.217,6
360.548,0.217,6
360.749,0.216,6
360.958,0.216,6
361.153,0.215,6
361.361,0.215,6
361.563,0.214,7
361.762,0.214,7
361.964,0.213,7
362.174,0.213,7
362.373,0.212,7
362.573,0.212,7
362.779,0.212,7
362.986,0.211,7
363.188,0.211,7
363.391,0.210,7
363.588,0.209,7
363.798,0.209,7
363.995,0.208,7
364.199,0.208,7
364.401,0.207,7
364.609,0.207,7
364.811,0.206,7
365.020,0.206,7
365.213,0.205,7
365.423,0.205,7
365.622,0.204,7
365.828,0.204,7
366.028,0.204,7
366.236,0.203,7
366.435,0.203,7
366.644,0.202,7
366.841,0.202,7
367.051,0.201,7
367.251,0.201,7
367.448,0.201,7
367.655,0.200,7
367.861,0.200,7
368.060,0.199,7
368.267,0.199,7
368.466,0.199,7
368.677,0.198,7
368.874,0.198,7
369.082,0.198,7
369.277,0.197,7
369.485,0.197,7
369.683,0.196,7
369.887,0.196,7
370.089,0.196,7
370.291,0.195,7
370.499,0.195,7
370.705,0.195,7
370.902,0.194,7
371.110,0.194,7
371.307,0.193,7
371.517,0.193,7
371.713,0.193,7
371.925,0.192,7
372.122,0.192,7
372.331,0.192,7
372.526,0.192,7
372.738,0.191,7
372.941,0.191,7
373.137,0.191,7
373.338,0.190,7
373.550,0.190,7
373.749,0.190,7
373.955,0.189,7
374.154,0.189,7
374.363,0.189,7
374.557,0.189,7
374.760,0.189,7
374.965,0.188,7
375.173,0.188,7
375.374,0.187,7
375.579,0.187,7
375.779,0.187,7
375.985,0.187,7
376.183,0.186,7
376.384,0.186,7
376.591,0.186,7
376.796,0.186,7
376.996,0.186,7
377.198,0.185,7
377.404,0.185,7
377.610,0.185,7
377.810,0.184,7
378.018,0.184,7
378.215,0.184,7
378.426,0.184,7
378.630,0.184,7
378.823,0.184,7
379.029,0.184,7
379.238,0.183,7
379.434,0.183,7
379.643,0.183,7
379.841,0.183,7
380.051,0.183,7
380.247,0.183,7
380.456,0.182,7
380.652,0.182,7
380.861,0.182,7
381.058,0.182,7
381.268,0.182,7
381.465,0.181,7
381.669,0.181,7
381.872,0.181,7
382.082,0.181,7
382.278,0.181,7
382.485,0.180,7
382.688,0.180,7
382.892,0.180,7
383.090,0.180,7
383.297,0.180,7
383.497,0.180,7
383.703,0.180,7
383.901,0.180,7
384.111,0.180,7
384.309,0.179,7
384.511,0.179,7
384.715,0.179,7
384.926,0.179,7
385.123,0.179,7
385.330,0.179,7
385.525,0.178,7
385.736,0.178,7
385.938,0.178,7
386.145,0.178,7
386.341,0.178,7
386.545,0.178,7
386.748,0.178,7
386.951,0.178,7
387.151,0.178,7
387.359,0.178,7
387.563,0.177,7
387.770,0.177,7
387.966,0.177,7
388.173,0.177,7
388.372,0.177,7
388.572,0.177,7
388.778,0.177,7
388.985,0.177,7
389.188,0.177,7
389.394,0.177,7
389.590,0.177,7
389.791,0.176,7
389.994,0.176,7
390.202,0.176,7
390.403,0.176,7
390.613,0.176,7
390.812,0.176,7
391.019,0.175,7
391.216,0.175,7
391.425,0.175,7
391.625,0.175,7
391.829,0.175,7
392.028,0.175,7
392.237,0.175,7
392.435,0.175,7
392.641,0.175,7
392.839,0.175,7
393.043,0.175,7
393.249,0.174,7
393.448,0.174,7
393.654,0.174,7
393.861,0.174,7
394.061,0.174,7
394.262,0.174,7
394.464,0.174,7
394.673,0.174,7
394.871,0.173,7
395.073,0.173,7
395.278,0.173,7
395.486,0.173,7
395.690,0.172,7
395.886,0.172,7
396.088,0.172,7
396.299,0.172,7
396.496,0.172,7
396.704,0.172,7
396.904,0.172,7
397.112,0.171,7
397.310,0.171,7
397.517,0.171,7
397.714,0.171,7
397.926,0.171,7
398.122,0.171,7
398.329,0.171,7
398.528,0.170,7
398.734,0.170,7
398.935,0.170,7
399.143,0.169,7
399.340,0.169,7
399.541,0.169,7
399.746,0.169,7
399.955,0.169,7
400.155,0.168,7
400.360,0.168,7
400.557,0.168,7
400.768,0.168,7
400.966,0.168,7
401.173,0.167,7
401.371,0.167,7
401.574,0.167,7
401.780,0.166,7
401.984,0.166,7
402.187,0.166,7
402.393,0.166,7
402.589,0.166,7
402.799,0.165,7
402.999,0.165,7
403.206,0.165,7
403.405,0.165,7
403.612,0.164,7
403.812,0.164,7
404.017,0.164,7
404.214,0.163,7
404.418,0.163,7
404.621,0.163,7
404.831,0.163,7
405.030,0.162,7
405.237,0.162,7
405.436,0.162,7
405.635,0.161,7
405.838,0.161,7
406.051,0.161,7
406.246,0.160,7
406.454,0.160,7
406.651,0.160,7
406.862,0.159,7
407.062,0.159,7
407.261,0.159,7
407.466,0.159,7
407.672,0.158,7
407.872,0.158,7
408.079,0.157,7
408.280,0.157,7
408.485,0.157,7
408.684,0.157,7
408.894,0.156,7
409.091,0.156,7
409.297,0.156,7
409.498,0.155,7
409.700,0.155,7
409.902,0.155,7
410.109,0.154,7
410.310,0.154,7
410.518,0.154,7
410.715,0.154,7
410.923,0.153,7
411.123,0.153,7
411.323,0.153,7
411.528,0.152,7
411.737,0.152,7
411.935,0.151,7
412.142,0.151,7
412.341,0.151,7
412.548,0.150,7
412.746,0.150,7
412.954,0.150,7
413.152,0.150,7
413.363,0.149,7
413.558,0.148,7
413.760,0.148,7
413.964,0.148,7
414.175,0.148,7
414.369,0.147,7
414.582,0.147,7
414.776,0.147,7
414.987,0.146,7
415.188,0.146,7
415.386,0.146,7
415.591,0.145,7
415.793,0.145,7
415.996,0.145,7
416.206,0.145,7
416.404,0.144,7
416.612,0.144,7
416.808,0.144,7
417.010,0.143,7
417.215,0.143,7
417.427,0.143,7
417.622,0.142,7
417.822,0.142,7
418.030,0.142,7
418.235,0.141,7
418.432,0.141,7
418.635,0.141,7
418.841,0.141,7
419.051,0.140,7
419.246,0.140,7
419.447,0.140,7
419.652,0.139,7
419.863,0.139,7
420.062,0.139,7
420.269,0.138,7
420.464,0.138,7
420.674,0.138,7
420.871,0.138,7
421.077,0.137,7
421.275,0.137,7
421.479,0.137,8
421.687,0.136,8
421.893,0.136,8
422.090,0.136,8
422.298,0.136,8
422.498,0.135,8
422.704,0.135,8
422.903,0.135,8
423.111,0.135,8
423.308,0.135,8
423.518,0.135,8
423.715,0.134,8
423.926,0.134,8
424.125,0.134,8
424.324,0.133,8
424.529,0.133,8
424.737,0.133,8
424.933,0.133,8
425.144,0.133,8
425.339,0.132,8
425.550,0.132,8
425.750,0.132,8
425.957,0.132,8
426.150,0.132,8
426.359,0.131,8
426.557,0.131,8
426.767,0.131,8
426.965,0.131,8
427.172,0.130,8
427.374,0.130,8
427.581,0.130,8
427.777,0.130,8
427.988,0.130,8
428.184,0.129,8
428.392,0.129,8
428.588,0.129,8
428.791,0.129,8
428.997,0.129,8
429.206,0.129,8
429.402,0.129,8
429.610,0.129,8
429.813,0.128,8
430.011,0.128,8
430.214,0.128,8
430.424,0.128,8
430.623,0.127,8
430.823,0.127,8
431.026,0.127,8
431.236,0.127,8
431.437,0.127,8
431.643,0.127,8
431.838,0.126,8
432.050,0.126,8
432.247,0.126,8
432.456,0.126,8
432.652,0.126,8
432.859,0.126,8
433.060,0.126,8
433.269,0.126,8
433.463,0.126,8
433.673,0.126,8
433.872,0.125,8
434.078,0.125,8
434.279,0.125,8
434.485,0.125,8
434.685,0.125,8
434.893,0.124,8
435.091,0.124,8
435.296,0.124,8
435.496,0.124,8
435.699,0.124,8
435.904,0.124,8
436.108,0.124,8
436.310,0.124,8
436.516,0.124,8
436.713,0.124,8
436.922,0.124,8
437.121,0.124,8
437.330,0.124,8
437.529,0.123,8
437.737,0.123,8
437.934,0.123,8
438.141,0.123,8
438.339,0.123,8
438.544,0.123,8
438.747,0.123,8
438.955,0.123,8
439.154,0.123,8
439.361,0.122,8
439.561,0.122,8
439.760,0.122,8
439.964,0.122,8
440.171,0.122,8
440.371,0.122,8
440.581,0.122,8
440.776,0.122,8
440.987,0.122,8
441.181,0.122,8
441.385,0.121,8
441.589,0.121,8
441.791,0.121,8
441.999,0.121,8
442.205,0.121,8
442.401,0.121,8
442.613,0.121,8
442.813,0.121,8
443.018,0.121,8
443.213,0.121,8
443.423,0.121,8
443.622,0.121,8
443.824,0.121,8
444.025,0.121,8
444.234,0.121,8
444.435,0.121,8
444.642,0.121,8
444.841,0.121,8
445.050,0.121,8
445.245,0.121,8
445.453,0.120,8
445.652,0.121,8
445.862,0.120,8
446.060,0.120,8
446.268,0.120,8
446.466,0.120,8
446.674,0.120,8
446.876,0.120,8
447.074,0.120,8
447.276,0.120,8
447.488,0.120,8
447.684,0.120,8
447.892,0.120,8
448.089,0.120,8
448.297,0.120,8
448.500,0.120,8
448.706,0.120,8
448.904,0.120,8
449.112,0.120,8
449.310,0.120,8
449.517,0.120,8
449.716,0.120,8
449.916,0.120,8
450.123,0.120,8
450.322,0.120,8
450.526,0.120,8
450.738,0.120,8
450.934,0.120,8
451.141,0.119,8
451.338,0.119,8
451.551,0.119,8
451.748,0.119,8
451.955,0.119,8
452.155,0.119,8
452.360,0.119,8
452.566,0.119,8
452.761,0.119,8
452.964,0.119,8
453.176,0.119,8
453.372,0.119,8
453.574,0.119,8
453.776,0.119,8
453.988,0.119,8
454.182,0.119,8
454.394,0.119,8
454.590,0.119,8
454.798,0.119,8
454.997,0.119,8
455.202,0.119,8
455.404,0.119,8
455.609,0.118,8
455.811,0.118,8
456.018,0.118,8
456.213,0.118,8
456.426,0.118,8
456.621,0.118,8
456.831,0.118,8
457.030,0.118,8
457.238,0.118,8
457.432,0.118,8
457.643,0.118,8
457.841,0.118,8
458.051,0.118,8
458.244,0.118,8
458.453,0.118,8
458.653,0.118,8
458.860,0.118,8
459.060,0.118,8
459.268,0.118,8
459.463,0.118,8
459.673,0.118,8
459.869,0.118,8
460.081,0.118,8
460.276,0.118,8
460.485,0.117,8
460.687,0.117,8
460.891,0.117,8
461.089,0.117,8
461.297,0.117,8
461.496,0.117,8
461.705,0.117,8
461.904,0.117,8
462.113,0.117,8
462.308,0.117,8
462.516,0.117,8
462.714,0.117,8
462.916,0.117,8
463.121,0.117,8
463.324,0.117,8
463.525,0.116,8
463.735,0.116,8
463.940,0.116,8
464.136,0.116,8
464.338,0.116,8
464.550,0.116,8
464.746,0.116,8
464.954,0.116,8
465.151,0.116,8
465.360,0.116,8
465.557,0.116,8
465.768,0.115,8
465.964,0.115,8
466.173,0.115,8
466.372,0.115,8
466.577,0.115,8
466.776,0.115,8
466.983,0.115,8
467.187,0.115,8
467.394,0.115,8
467.589,0.115,8
467.801,0.115,8
467.996,0.114,8
468.203,0.114,8
468.403,0.114,8
468.612,0.114,8
468.813,0.114,8
469.016,0.114,8
469.215,0.114,8
469.423,0.114,8
469.620,0.114,8
469.828,0.114,8
470.029,0.114,8
470.236,0.114,8
470.438,0.114,8
470.635,0.113,8
470.838,0.113,8
471.052,0.113,8
471.249,0.113,8
471.455,0.113,8
471.654,0.113,8
471.860,0.113,8
472.060,0.113,8
472.268,0.113,8
472.464,0.112,8
472.667,0.112,8
472.871,0.112,8
473.079,0.112,8
473.278,0.112,8
473.486,0.112,8
473.682,0.112,8
473.885,0.112,8
474.091,0.111,8
474.301,0.111,8
474.499,0.111,8
474.705,0.111,8
474.901,0.111,8
475.111,0.111,8
475.314,0.111,8
475.516,0.111,8
475.713,0.111,8
475.923,0.111,8
476.123,0.111,8
476.323,0.111,8
476.528,0.110,8
476.735,0.110,8
476.931,0.110,8
477.141,0.110,8
477.340,0.110,8
477.549,0.110,8
477.745,0.110,8
477.948,0.110,8
478.150,0.109,8
478.353,0.109,8
478.562,0.109,8
478.769,0.109,8
478.966,0.109,8
479.174,0.109,8
479.373,0.109,8
479.573,0.109,8
479.778,0.109,8
479.988,0.109,8
480.184,0.108,8
480.391,0.108,8
480.590,0.108,8
480.797,0.108,8
480.996,0.108,8
481.199,0.108,8
481.404,0.108,8
481.610,0.108,9
481.809,0.108,9
482.018,0.108,9
482.214,0.108,9
482.422,0.108,9
482.625,0.108,9
482.832,0.107,9
483.030,0.107,9
483.236,0.107,9
483.438,0.107,9
483.642,0.107,9
483.840,0.107,9
484.047,0.107,9
484.247,0.107,9
484.456,0.107,9
484.652,0.106,9
484.859,0.106,9
485.062,0.106,9
485.266,0.106,9
485.466,0.106,9
485.672,0.106,9
485.872,0.106,9
486.080,0.106,9
486.277,0.106,9
486.485,0.106,9
486.690,0.106,9
486.885,0.106,9
487.088,0.106,9
487.300,0.106,9
487.496,0.106,9
487.699,0.106,9
487.900,0.105,9
488.112,0.106,9
488.311,0.105,9
488.518,0.105,9
488.713,0.105,9
488.923,0.105,9
489.124,0.105,9
489.329,0.105,9
489.530,0.105,9
489.730,0.105,9
489.934,0.105,9
490.143,0.105,9
490.340,0.105,9
490.548,0.105,9
490.747,0.105,9
490.948,0.105,9
491.153,0.105,9
491.362,0.105,9
491.561,0.105,9
491.769,0.105,9
491.964,0.105,9
492.172,0.105,9
492.375,0.105,9
492.575,0.105,9
492.778,0.105,9
492.986,0.105,9
493.184,0.105,9
493.391,0.105,9
493.591,0.104,9
493.801,0.104,9
493.994,0.104,9
494.198,0.104,9
494.403,0.104,9
494.613,0.104,9
494.809,0.104,9
495.011,0.104,9
495.213,0.104,9
495.416,0.104,9
495.621,0.104,9
495.830,0.104,9
496.029,0.104,9
496.238,0.104,9
496.434,0.104,9
496.636,0.104,9
496.841,0.104,9
497.041,0.104,9
497.248,0.104,9
497.454,0.104,9
497.651,0.104,9
497.863,0.104,9
498.059,0.104,9
498.266,0.104,9
498.464,0.104,9
498.676,0.104,9
498.874,0.104,9
499.081,0.103,9
499.275,0.104,9
499.486,0.103,9
499.687,0.103,9
499.892,0.103,9
500.088,0.103,9
500.297,0.103,9
500.498,0.103,9
500.700,0.103,9
500.901,0.103,9
501.109,0.103,9
501.312,0.103,9
501.519,0.103,9
501.716,0.103,9
501.924,0.103,9
502.122,0.103,9
502.328,0.103,9
502.528,0.103,9
502.735,0.103,9
502.933,0.103,9
503.144,0.103,9
503.339,0.103,9
503.548,0.103,9
503.751,0.103,9
503.950,0.103,9
504.155,0.103,9
504.360,0.103,9
504.559,0.103,9
504.769,0.103,9
504.963,0.103,9
505.175,0.103,9
505.374,0.103,9
505.579,0.103,9
505.775,0.103,9
505.987,0.103,9
506.183,0.103,9
506.392,0.103,9
506.589,0.103,9
506.791,0.103,9
506.997,0.103,9
507.207,0.103,9
507.403,0.103,9
507.613,0.103,9
507.809,0.103,9
508.011,0.103,9
508.214,0.103,9
508.425,0.103,9
508.620,0.103,9
508.831,0.103,9
509.028,0.103,9
509.237,0.103,9
509.438,0.103,9
509.640,0.103,9
509.840,0.103,9
510.047,0.103,9
510.247,0.103,9
510.447,0.103,9
510.650,0.103,9
510.863,0.103,9
511.062,0.103,9
511.269,0.103,9
511.463,0.103,9
511.674,0.103,9
511.872,0.103,9
512.079,0.103,9
512.278,0.103,9
512.479,0.103,9
512.682,0.103,9
512.892,0.103,9
513.091,0.103,9
513.299,0.103,9
513.497,0.103,9
513.706,0.103,9
513.903,0.103,9
514.111,0.103,9
514.309,0.103,9
514.519,0.103,9
514.715,0.103,9
514.923,0.103,9
515.120,0.103,9
515.324,0.104,9
515.527,0.104,9
515.735,0.103,9
515.935,0.103,9
516.145,0.104,9
516.338,0.103,9
516.548,0.103,9
516.748,0.104,9
516.957,0.104,9
517.151,0.103,9
517.361,0.104,9
517.563,0.104,9
517.768,0.104,9
517.963,0.104,9
518.168,0.104,9
518.372,0.104,9
518.573,0.104,9
518.778,0.104,9
518.987,0.104,9
519.186,0.104,9
519.385,0.104,9
519.588,0.104,9
519.791,0.104,9
519.997,0.104,9
520.206,0.104,9
520.402,0.104,9
520.613,0.105,9
520.814,0.105,9
521.010,0.105,9
521.213,0.105,9
521.424,0.105,9
521.624,0.105,9
521.828,0.105,9
522.030,0.105,9
522.237,0.105,9
522.432,0.105,9
522.644,0.105,9
522.839,0.106,9
523.049,0.105,9
523.247,0.106,9
523.454,0.106,9
523.652,0.106,9
523.859,0.106,9
524.062,0.106,9
524.260,0.106,9
524.464,0.106,9
524.674,0.106,9
524.872,0.106,9
525.072,0.106,9
525.276,0.106,9
525.484,0.106,9
525.684,0.107,9
525.894,0.107,9
526.091,0.107,9
526.297,0.107,9
526.494,0.108,9
526.699,0.108,9
526.904,0.108,9
527.112,0.108,9
527.308,0.108,9
527.517,0.108,9
527.715,0.109,9
527.926,0.109,9
528.120,0.109,9
528.330,0.109,9
528.529,0.109,9
528.735,0.109,9
528.938,0.110,9
529.142,0.110,9
529.339,0.110,9
529.546,0.110,9
529.746,0.111,9
529.956,0.111,9
530.155,0.111,9
530.361,0.111,9
530.558,0.111,9
530.760,0.112,9
530.964,0.112,9
531.175,0.112,9
531.373,0.112,9
531.581,0.113,9
531.776,0.113,9
531.984,0.113,9
532.182,0.114,9
532.385,0.114,9
532.591,0.114,9
532.801,0.114,9
532.998,0.114,9
533.206,0.115,9
533.403,0.115,9
533.611,0.115,9
533.807,0.115,9
534.017,0.116,9
534.215,0.116,9
534.424,0.116,9
534.620,0.117,9
534.823,0.117,9
535.027,0.117,9
535.234,0.117,9
535.437,0.118,9
535.635,0.118,9
535.839,0.118,9
536.047,0.118,9
536.248,0.119,9
536.447,0.119,9
536.654,0.119,9
536.861,0.120,9
537.061,0.120,9
537.268,0.120,9
537.465,0.120,9
537.673,0.121,9
537.876,0.121,9
538.073,0.121,9
538.278,0.121,9
538.487,0.121,9
538.684,0.122,9
538.893,0.122,9
539.091,0.122,9
539.299,0.123,9
539.498,0.123,9
539.697,0.123,9
539.904,0.123,9
540.110,0.123,9
540.312,0.123,9
540.516,0.124,9
540.714,0.124,9
540.917,0.124,9
541.124,0.124,9
541.330,0.124,9
541.529,0.124,10
541.735,0.124,10
541.933,0.125,10
542.143,0.125,10
542.339,0.125,10
542.541,0.125,10
542.745,0.125,10
542.955,0.125,10
543.155,0.125,10
543.362,0.126,10
543.565,0.126,10
543.760,0.126,10
543.965,0.126,10
544.175,0.126,10
544.371,0.126,10
544.573,0.126,10
544.776,0.126,10
544.986,0.126,10
545.186,0.126,10
545.395,0.126,10
545.589,0.126,10
545.799,0.126,10
545.994,0.126,10
546.207,0.127,10
546.400,0.127,10
546.610,0.127,10
546.807,0.127,10
547.016,0.127,10
547.213,0.126,10
547.418,0.126,10
547.622,0.126,10
547.823,0.126,10
548.030,0.126,10
548.238,0.126,10
548.433,0.126,10
548.643,0.126,10
548.839,0.126,10
549.050,0.126,10
549.252,0.126,10
549.453,0.126,10
549.654,0.126,10
549.859,0.126,10
550.062,0.125,10
550.267,0.125,10
550.463,0.125,10
550.675,0.125,10
550.870,0.125,10
551.081,0.124,10
551.275,0.124,10
551.484,0.124,10
551.687,0.124,10
551.890,0.124,10
552.091,0.123,10
552.298,0.123,10
552.497,0.123,10
552.705,0.123,10
552.903,0.123,10
553.110,0.123,10
553.310,0.122,10
553.510,0.122,10
553.713,0.122,10
553.921,0.121,10
554.121,0.121,10
554.328,0.121,10
554.526,0.121,10
554.978,0.120,10
555.137,0.120,10
555.339,0.120,10
555.541,0.119,10
555.748,0.119,10
555.953,0.119,10
556.151,0.118,10
556.360,0.118,10
556.557,0.118,10
556.767,0.117,10
556.965,0.117,10
557.172,0.117,10
557.372,0.116,10
557.579,0.116,10
557.775,0.115,10
557.983,0.115,10
558.186,0.115,10
558.395,0.115,10
558.589,0.114,10
558.801,0.114,10
558.996,0.114,10
559.202,0.114,10
559.402,0.113,10
559.612,0.113,10
559.810,0.112,10
560.010,0.112,10
560.216,0.112,10
560.416,0.111,10
560.626,0.111,10
560.825,0.111,10
561.026,0.110,10
561.235,0.110,10
561.437,0.109,10
561.635,0.109,10
561.839,0.109,10
562.051,0.109,10
562.249,0.108,10
562.457,0.108,10
562.654,0.108,10
562.862,0.108,10
563.059,0.107,10
563.261,0.107,10
563.465,0.106,10
563.666,0.106,10
563.873,0.106,10
564.080,0.105,10
564.279,0.105,10
564.484,0.105,10
564.684,0.105,10
564.891,0.104,10
565.089,0.104,10
565.298,0.104,10
565.498,0.103,10
565.705,0.103,10
565.904,0.103,10
566.111,0.103,10
566.307,0.102,10
566.515,0.102,10
566.715,0.102,10
566.922,0.102,10
567.123,0.101,10
567.323,0.101,10
567.530,0.101,10
567.738,0.101,10
567.932,0.100,10
568.145,0.100,10
568.338,0.100,10
568.550,0.100,10
568.749,0.100,10
568.950,0.099,10
569.153,0.099,10
569.354,0.099,10
569.560,0.099,10
569.767,0.098,10
569.966,0.098,10
570.172,0.098,10
570.372,0.098,10
570.580,0.097,10
570.777,0.097,10
570.985,0.097,10
571.185,0.097,10
571.385,0.097,10
571.588,0.097,10
571.799,0.096,10
572.001,0.096,10
572.202,0.096,10
572.404,0.096,10
572.610,0.096,10
572.812,0.096,10
573.018,0.096,10
573.216,0.095,10
573.425,0.095,10
573.626,0.095,10
573.830,0.095,10
574.028,0.095,10
574.235,0.094,10
574.434,0.094,10
574.644,0.094,10
574.841,0.094,10
575.043,0.094,10
575.244,0.094,10
575.456,0.094,10
575.653,0.094,10
575.862,0.094,10
576.061,0.093,10
576.261,0.093,10
576.465,0.093,10
576.676,0.093,10
576.872,0.093,10
577.083,0.093,10
577.276,0.093,10
577.486,0.093,10
577.690,0.093,10
577.887,0.093,10
578.088,0.093,10
578.291,0.093,10
578.498,0.093,10
578.705,0.092,10
578.905,0.092,10
579.111,0.092,10
579.309,0.092,10
579.520,0.092,10
579.713,0.092,10
579.923,0.092,10
580.122,0.092,10
580.326,0.092,10
580.525,0.092,10
580.735,0.092,10
580.934,0.092,10
581.135,0.092,10
581.341,0.091,10
581.550,0.091,10
581.745,0.091,10
581.954,0.091,10
582.153,0.091,10
582.362,0.091,10
582.559,0.091,10
582.766,0.091,10
582.966,0.091,10
583.173,0.091,10
583.370,0.091,10
583.578,0.091,10
583.779,0.091,10
583.985,0.091,10
584.186,0.091,10
584.392,0.091,10
584.588,0.091,10
584.800,0.091,10
584.995,0.091,10
585.205,0.091,10
585.402,0.091,10
585.613,0.091,10
585.813,0.091,10
586.017,0.091,10
586.214,0.091,10
586.418,0.091,10
586.622,0.091,10
586.831,0.091,10
587.029,0.091,10
587.238,0.091,10
587.434,0.091,10
587.635,0.091,10
587.839,0.091,10
588.050,0.091,10
588.246,0.091,10
588.455,0.091,10
588.652,0.091,10
588.863,0.091,10
589.065,0.091,10
589.263,0.091,10
589.466,0.091,10
589.674,0.091,10
589.872,0.091,10
590.083,0.091,10
590.276,0.091,10
590.486,0.091,10
590.686,0.091,10
590.891,0.091,10
591.088,0.091,10
591.300,0.091,10
591.497,0.091,10
591.701,0.091,10
591.902,0.091,10
592.104,0.091,10
592.312,0.091,10
592.509,0.091,10
592.713,0.091,10
592.923,0.091,10
593.121,0.091,10
593.324,0.091,10
593.528,0.091,10
593.738,0.091,10
593.934,0.091,10
594.145,0.090,10
594.341,0.090,10
594.548,0.090,10
594.745,0.090,10
594.949,0.090,10
595.153,0.090,10
595.362,0.090,10
595.559,0.090,10
595.770,0.090,10
595.964,0.090,10
596.171,0.090,10
596.374,0.090,10
596.581,0.090,10
596.778,0.090,10
596.986,0.090,10
597.188,0.090,10
597.387,0.090,10
597.588,0.090,10
597.791,0.090,10
597.995,0.090,10
598.206,0.090,10
598.403,0.090,10
598.612,0.090,10
598.810,0.090,10
599.019,0.090,10
599.213,0.090,10
599.427,0.090,10
599.621,0.090,10
599.832,0.090,10
600.027,0.090,10
600.236,0.090,10
600.438,0.090,10
600.636,0.090,10
600.840,0.090,10
601.047,0.090,10
601.248,0.090,10
601.457,0.090,10
601.652,0.090,11
601.861,0.090,11
602.058,0.090,11
602.268,0.090,11
602.464,0.090,11
602.673,0.090,11
602.872,0.090,11
603.079,0.090,11
603.276,0.090,11
603.484,0.090,11
603.683,0.090,11
603.885,0.090,11
604.088,0.090,11
604.299,0.090,11
604.496,0.090,11
604.697,0.090,11
604.904,0.090,11
605.112,0.090,11
605.310,0.090,11
605.518,0.090,11
605.716,0.090,11
605.916,0.090,11
606.125,0.090,11
606.327,0.090,11
606.526,0.090,11
606.736,0.090,11
606.937,0.090,11
607.143,0.090,11
607.341,0.090,11
607.550,0.090,11
607.747,0.090,11
607.956,0.090,11
608.153,0.090,11
608.362,0.090,11
608.558,0.090,11
608.765,0.090,11
608.963,0.090,11
609.168,0.090,11
609.373,0.090,11
609.581,0.090,11
609.778,0.090,11
609.987,0.090,11
610.186,0.090,11
610.385,0.090,11
610.590,0.090,11
610.800,0.090,11
610.995,0.090,11
611.204,0.090,11
611.404,0.090,11
611.613,0.090,11
611.807,0.090,11
612.011,0.090,11
612.214,0.090,11
612.426,0.090,11
612.621,0.090,11
612.831,0.090,11
613.029,0.090,11
613.234,0.090,11
613.436,0.090,11
613.645,0.090,11
613.840,0.090,11
614.049,0.090,11
614.249,0.090,11
614.450,0.090,11
614.653,0.090,11
614.859,0.090,11
615.062,0.090,11
615.269,0.090,11
615.466,0.090,11
615.666,0.090,11
615.871,0.090,11
616.073,0.090,11
616.279,0.090,11
616.485,0.090,11
616.684,0.090,11
616.894,0.090,11
617.090,0.090,11
617.297,0.090,11
617.500,0.090,11
617.704,0.090,11
617.904,0.090,11
618.111,0.090,11
618.312,0.090,11
618.519,0.090,11
618.714,0.090,11
618.926,0.090,11
619.126,0.090,11
619.332,0.090,11
619.525,0.090,11
619.738,0.090,11
619.932,0.090,11
620.137,0.090,11
620.339,0.090,11
620.544,0.090,11
620.744,0.090,11
620.957,0.090,11
621.153,0.090,11
621.362,0.090,11
621.563,0.090,11
621.760,0.090,11
621.966,0.090,11
622.175,0.090,11
622.371,0.090,11
622.580,0.090,11
622.776,0.090,11
622.986,0.089,11
623.190,0.089,11
623.391,0.089,11
623.588,0.089,11
623.801,0.089,11
623.996,0.089,11
624.206,0.089,11
624.400,0.089,11
624.610,0.089,11
624.813,0.089,11
625.020,0.089,11
625.214,0.089,11
625.423,0.089,11
625.622,0.089,11
625.825,0.089,11
626.028,0.089,11
626.234,0.089,11
626.435,0.089,11
626.634,0.089,11
626.838,0.088,11
627.051,0.088,11
627.245,0.088,11
627.454,0.088,11
627.653,0.088,11
627.862,0.088,11
628.058,0.088,11
628.269,0.088,11
628.463,0.088,11
628.674,0.088,11
628.875,0.088,11
629.075,0.088,11
629.278,0.088,11
629.485,0.088,11
629.684,0.088,11
629.894,0.088,11
630.090,0.088,11
630.300,0.087,11
630.499,0.087,11
630.707,0.087,11
630.902,0.087,11
631.112,0.087,11
631.310,0.087,11
631.518,0.087,11
631.714,0.087,11
631.921,0.087,11
632.119,0.087,11
632.324,0.087,11
632.525,0.086,11
632.729,0.086,11
632.936,0.086,11
633.137,0.086,11
633.339,0.086,11
633.541,0.086,11
633.748,0.086,11
633.956,0.086,11
634.152,0.085,11
634.360,0.085,11
634.558,0.085,11
634.761,0.085,11
634.964,0.085,11
635.175,0.085,11
635.372,0.085,11
635.579,0.085,11
635.776,0.085,11
635.984,0.085,11
636.184,0.084,11
636.393,0.084,11
636.590,0.084,11
636.799,0.084,11
636.996,0.084,11
637.205,0.084,11
637.402,0.084,11
637.609,0.084,11
637.808,0.084,11
638.016,0.084,11
638.216,0.084,11
638.425,0.083,11
638.621,0.083,11
638.823,0.083,11
639.028,0.083,11
639.236,0.083,11
639.434,0.083,11
639.641,0.083,11
639.838,0.083,11
640.047,0.082,11
640.246,0.082,11
640.453,0.082,11
640.653,0.082,11
640.863,0.082,11
641.059,0.082,11
641.260,0.082,11
641.466,0.082,11
641.677,0.082,11
641.875,0.082,11
642.080,0.082,11
642.278,0.082,11
642.488,0.081,11
642.688,0.081,11
642.886,0.081,11
643.090,0.081,11
643.292,0.081,11
643.497,0.081,11
643.706,0.081,11
643.902,0.081,11
644.111,0.081,11
644.307,0.081,11
644.511,0.081,11
644.716,0.081,11
644.922,0.081,11
645.121,0.081,11
645.330,0.080,11
645.527,0.080,11
645.737,0.080,11
645.940,0.080,11
646.138,0.080,11
646.338,0.080,11
646.549,0.080,11
646.746,0.080,11
646.955,0.080,11
647.153,0.080,11
647.361,0.080,11
647.562,0.079,11
647.765,0.079,11
647.966,0.079,11
648.174,0.079,11
648.369,0.079,11
648.580,0.079,11
648.780,0.079,11
648.983,0.079,11
649.187,0.079,11
649.394,0.079,11
649.588,0.079,11
649.797,0.079,11
649.997,0.079,11
650.204,0.079,11
650.403,0.079,11
650.613,0.079,11
650.809,0.079,11
651.017,0.079,11
651.216,0.079,11
651.426,0.078,11
651.621,0.078,11
651.822,0.078,11
652.030,0.078,11
652.237,0.078,11
652.434,0.078,11
652.645,0.078,11
652.840,0.078,11
653.050,0.078,11
653.249,0.078,11
653.456,0.078,11
653.655,0.078,11
653.860,0.078,11
654.063,0.078,11
654.263,0.078,11
654.464,0.078,11
654.668,0.078,11
654.871,0.078,11
655.079,0.078,11
655.279,0.078,11
655.487,0.077,11
655.686,0.078,11
655.893,0.078,11
656.090,0.077,11
656.301,0.077,11
656.497,0.077,11
656.699,0.077,11
656.902,0.077,11
657.112,0.077,11
657.307,0.077,11
657.511,0.077,11
657.713,0.077,11
657.923,0.077,11
658.122,0.077,11
658.322,0.077,11
658.529,0.077,11
658.735,0.076,11
658.933,0.077,11
659.143,0.076,11
659.341,0.076,11
659.548,0.076,11
659.749,0.076,11
659.955,0.076,11
660.150,0.076,11
660.355,0.076,11
660.559,0.076,11
660.760,0.076,11
660.965,0.076,11
661.176,0.076,11
661.371,0.076,11
661.580,0.076,12
661.778,0.076,12
661.986,0.076,12
662.185,0.076,12
662.393,0.076,12
662.589,0.076,12
662.801,0.076,12
663.002,0.076,12
663.202,0.076,12
663.401,0.076,12
663.612,0.076,12
663.810,0.076,12
664.015,0.076,12
664.215,0.076,12
664.424,0.076,12
664.623,0.076,12
664.831,0.076,12
665.030,0.076,12
665.237,0.076,12
665.437,0.076,12
665.642,0.076,12
665.841,0.076,12
666.043,0.075,12
666.247,0.075,12
666.448,0.075,12
666.651,0.075,12
666.860,0.076,12
667.061,0.075,12
667.267,0.075,12
667.465,0.076,12
667.674,0.076,12
667.874,0.076,12
668.082,0.076,12
668.276,0.076,12
668.487,0.075,12
668.685,0.075,12
668.885,0.075,12
669.091,0.075,12
669.296,0.075,12
669.498,0.075,12
669.707,0.075,12
669.905,0.075,12
670.111,0.075,12
670.306,0.075,12
670.520,0.075,12
670.716,0.075,12
670.925,0.075,12
671.123,0.075,12
671.326,0.075,12
671.525,0.075,12
671.735,0.075,12
671.937,0.075,12
672.141,0.075,12
672.338,0.075,12
672.550,0.075,12
672.745,0.075,12
672.956,0.075,12
673.153,0.075,12
673.362,0.075,12
673.561,0.075,12
673.760,0.075,12
673.966,0.075,12
674.174,0.074,12
674.377,0.074,12
674.577,0.074,12
674.778,0.075,12
674.987,0.075,12
675.183,0.075,12
675.393,0.075,12
675.591,0.075,12
675.800,0.074,12
675.997,0.075,12
676.206,0.074,12
676.402,0.074,12
676.613,0.074,12
676.810,0.074,12
677.017,0.074,12
677.215,0.074,12
677.419,0.074,12
677.622,0.074,12
677.830,0.074,12
678.025,0.074,12
678.237,0.074,12
678.434,0.074,12
678.642,0.074,12
678.840,0.075,12
679.047,0.075,12
679.249,0.075,12
679.457,0.074,12
679.652,0.074,12
679.863,0.074,12
680.064,0.074,12
680.262,0.074,12
680.464,0.074,12
680.674,0.074,12
680.872,0.074,12
681.073,0.074,12
681.277,0.074,12
681.486,0.074,12
681.682,0.074,12
681.892,0.074,12
682.091,0.074,12
682.297,0.074,12
682.498,0.074,12
682.699,0.074,12
682.900,0.074,12
683.104,0.074,12
683.307,0.073,12
683.518,0.073,12
683.715,0.073,12
683.922,0.073,12
684.122,0.074,12
684.331,0.074,12
684.527,0.074,12
684.737,0.074,12
684.933,0.074,12
685.143,0.074,12
685.341,0.074,12
685.548,0.074,12
685.745,0.074,12
685.950,0.074,12
686.154,0.074,12
686.363,0.073,12
686.562,0.073,12
686.770,0.073,12
686.963,0.073,12
687.176,0.073,12
687.374,0.073,12
687.580,0.073,12
687.777,0.073,12
687.986,0.073,12
688.186,0.074,12
688.392,0.074,12
688.589,0.074,12
688.792,0.074,12
688.996,0.074,12
689.205,0.074,12
689.405,0.074,12
689.610,0.073,12
689.812,0.073,12
690.011,0.073,12
690.215,0.073,12
690.423,0.073,12
690.624,0.073,12
690.822,0.073,12
691.028,0.073,12
691.236,0.073,12
691.438,0.073,12
691.638,0.073,12
691.838,0.073,12
692.050,0.073,12
692.245,0.073,12
692.455,0.073,12
692.650,0.073,12
692.861,0.073,12
693.059,0.073,12
693.270,0.073,12
693.463,0.073,12
693.674,0.073,12
693.872,0.073,12
694.075,0.073,12
694.277,0.073,12
694.485,0.073,12
694.685,0.073,12
694.895,0.073,12
695.090,0.073,12
695.300,0.073,12
695.495,0.073,12
695.708,0.073,12
695.902,0.073,12
696.110,0.073,12
696.310,0.073,12
696.517,0.073,12
696.716,0.073,12
696.927,0.073,12
697.122,0.073,12
697.326,0.073,12
697.529,0.073,12
697.736,0.073,12
697.934,0.073,12
698.143,0.073,12
698.340,0.073,12
698.547,0.073,12
698.748,0.073,12
698.957,0.073,12
699.154,0.072,12
699.363,0.073,12
699.563,0.073,12
699.761,0.073,12
699.964,0.073,12
700.169,0.072,12
700.371,0.072,12
700.582,0.072,12
700.777,0.072,12
700.987,0.072,12
701.182,0.072,12
701.391,0.072,12
701.588,0.072,12
701.800,0.072,12
701.999,0.072,12
702.205,0.072,12
702.402,0.072,12
702.611,0.072,12
702.808,0.072,12
703.016,0.072,12
703.213,0.072,12
703.425,0.072,12
703.620,0.072,12
703.823,0.072,12
704.029,0.072,12
704.235,0.072,12
704.437,0.072,12
704.641,0.072,12
704.838,0.072,12
705.048,0.072,12
705.244,0.072,12
705.449,0.072,12
705.652,0.072,12
705.854,0.072,12
706.062,0.072,12
706.269,0.072,12
706.463,0.072,12
706.672,0.072,12
706.873,0.072,12
707.072,0.072,12
707.277,0.072,12
707.485,0.072,12
707.684,0.072,12
707.895,0.072,12
708.090,0.072,12
708.299,0.072,12
708.496,0.072,12
708.699,0.072,12
708.903,0.072,12
709.111,0.072,12
709.309,0.072,12
709.518,0.072,12
709.716,0.072,12
709.925,0.072,12
710.125,0.072,12
710.331,0.072,12
710.528,0.072,12
710.735,0.072,12
710.934,0.072,12
711.142,0.072,12
711.339,0.072,12
711.543,0.072,12
711.747,0.072,12
711.949,0.072,12
712.153,0.072,12
712.361,0.072,12
712.559,0.072,12
712.769,0.072,12
712.963,0.072,12
713.175,0.072,12
713.373,0.072,12
713.581,0.072,12
713.776,0.072,12
713.986,0.072,12
714.190,0.072,12
714.388,0.072,12
714.588,0.072,12
714.796,0.072,12
714.999,0.072,12
715.198,0.072,12
715.401,0.072,12
715.611,0.072,12
715.808,0.072,12
716.009,0.072,12
716.213,0.072,12
716.422,0.072,12
716.622,0.072,12
716.830,0.072,12
717.026,0.072,12
717.234,0.072,12
717.434,0.072,12
717.645,0.072,12
717.839,0.072,12
718.049,0.072,12
718.246,0.072,12
718.447,0.072,12
718.653,0.072,12
718.860,0.072,12
719.061,0.072,12
719.269,0.072,12
719.464,0.072,12
719.673,0.072,12
719.877,0.072,12
720.077,0.072,12
720.277,0.072,12
720.488,0.072,12
720.682,0.072,12
720.894,0.071,12
721.091,0.072,12
721.299,0.071,12
721.494,0.072,13
721.707,0.071,13
721.901,0.071,13
722.110,0.071,13
722.311,0.071,13
722.512,0.072,13
722.715,0.072,13
722.916,0.072,13
723.121,0.072,13
723.331,0.072,13
723.526,0.072,13
723.737,0.072,13
723.936,0.072,13
724.141,0.072,13
724.340,0.072,13
724.549,0.072,13
724.747,0.072,13
724.957,0.072,13
725.151,0.072,13
725.359,0.072,13
725.558,0.072,13
725.765,0.072,13
725.964,0.072,13
726.176,0.072,13
726.374,0.072,13
726.582,0.072,13
726.776,0.072,13
726.985,0.072,13
727.181,0.072,13
727.392,0.072,13
727.589,0.072,13
727.799,0.072,13
727.998,0.072,13
728.205,0.072,13
728.405,0.072,13
728.604,0.072,13
728.808,0.072,13
729.016,0.072,13
729.215,0.072,13
729.426,0.072,13
729.619,0.072,13
729.823,0.072,13
730.028,0.072,13
730.237,0.072,13
730.435,0.072,13
730.643,0.072,13
730.840,0.072,13
731.048,0.072,13
731.245,0.072,13
731.451,0.072,13
731.655,0.072,13
731.863,0.072,13
732.058,0.072,13
732.268,0.072,13
732.466,0.072,13
732.677,0.072,13
732.873,0.072,13
733.078,0.072,13
733.280,0.072,13
733.487,0.072,13
733.683,0.072,13
733.891,0.072,13
734.088,0.072,13
734.292,0.072,13
734.496,0.072,13
734.706,0.072,13
734.903,0.072,13
735.104,0.072,13
735.312,0.072,13
735.511,0.072,13
735.716,0.072,13
735.916,0.072,13
736.123,0.072,13
736.332,0.072,13
736.527,0.072,13
736.737,0.072,13
736.939,0.072,13
737.136,0.072,13
737.338,0.072,13
737.551,0.072,13
737.744,0.072,13
737.948,0.072,13
738.151,0.072,13
738.360,0.072,13
738.556,0.072,13
738.760,0.072,13
738.964,0.072,13
739.175,0.072,13
739.371,0.072,13
739.576,0.072,13
739.775,0.072,13
739.985,0.072,13
740.184,0.072,13
740.393,0.072,13
740.591,0.072,13
740.798,0.072,13
740.996,0.072,13
741.203,0.072,13
741.403,0.072,13
741.611,0.072,13
741.807,0.072,13
742.020,0.072,13
742.213,0.072,13
742.424,0.072,13
742.619,0.072,13
742.825,0.072,13
743.029,0.072,13
743.237,0.072,13
743.436,0.072,13
743.643,0.072,13
743.838,0.072,13
744.050,0.072,13
744.249,0.071,13
744.457,0.071,13
744.652,0.071,13
744.860,0.071,13
745.061,0.071,13
745.267,0.071,13
745.463,0.071,13
745.666,0.071,13
745.871,0.071,13
746.074,0.071,13
746.276,0.071,13
746.485,0.071,13
746.687,0.071,13
746.891,0.071,13
747.091,0.071,13
747.299,0.071,13
747.494,0.071,13
747.706,0.071,13
747.901,0.071,13
748.110,0.071,13
748.314,0.071,13
748.510,0.071,13
748.713,0.071,13
748.926,0.071,13
749.120,0.071,13
749.330,0.071,13
749.525,0.071,13
749.735,0.071,13
749.933,0.071,13
750.143,0.071,13
750.339,0.071,13
750.547,0.071,13
750.749,0.071,13
750.949,0.071,13
751.152,0.071,13
751.358,0.071,13
751.561,0.071,13
751.760,0.071,13
751.965,0.071,13
752.175,0.071,13
752.371,0.071,13
752.580,0.071,13
752.779,0.071,13
752.985,0.071,13
753.184,0.071,13
753.392,0.071,13
753.590,0.071,13
753.800,0.071,13
753.996,0.071,13
754.201,0.071,13
754.403,0.071,13
754.611,0.071,13
754.809,0.071,13
755.009,0.071,13
755.213,0.071,13
755.424,0.071,13
755.619,0.071,13
755.832,0.071,13
756.030,0.071,13
756.238,0.071,13
756.435,0.071,13
756.638,0.071,13
756.840,0.071,13
757.042,0.071,13
757.248,0.071,13
757.456,0.071,13
757.655,0.071,13
757.863,0.071,13
758.059,0.071,13
758.260,0.071,13
758.465,0.071,13
758.674,0.071,13
758.871,0.071,13
759.081,0.071,13
759.277,0.071,13
759.487,0.071,13
759.690,0.071,13
759.887,0.071,13
760.089,0.071,13
760.299,0.071,13
760.498,0.071,13
760.706,0.071,13
760.903,0.071,13
761.111,0.071,13
761.311,0.071,13
761.517,0.071,13
761.715,0.071,13
761.923,0.071,13
762.121,0.071,13
762.324,0.071,13
762.527,0.071,13
762.729,0.071,13
762.937,0.071,13
763.145,0.071,13
763.340,0.071,13
763.550,0.071,13
763.748,0.071,13
763.949,0.071,13
764.154,0.071,13
764.363,0.071,13
764.559,0.071,13
764.770,0.071,13
764.963,0.071,13
765.172,0.071,13
765.371,0.071,13
765.575,0.071,13
765.779,0.071,13
765.985,0.071,13
766.184,0.072,13
766.393,0.072,13
766.588,0.072,13
766.798,0.071,13
766.999,0.071,13
767.197,0.071,13
767.402,0.071,13
767.613,0.071,13
767.809,0.071,13
768.016,0.071,13
768.213,0.071,13
768.422,0.071,13
768.620,0.071,13
768.833,0.071,13
769.028,0.071,13
769.235,0.071,13
769.435,0.071,13
769.644,0.071,13
769.839,0.071,13
770.050,0.071,13
770.246,0.071,13
770.457,0.071,13
770.652,0.072,13
770.862,0.072,13
771.058,0.072,13
771.260,0.072,13
771.463,0.072,13
771.674,0.072,13
771.871,0.071,13
772.082,0.071,13
772.276,0.071,13
772.485,0.071,13
772.686,0.071,13
772.893,0.071,13
773.089,0.071,13
773.297,0.071,13
773.495,0.071,13
773.703,0.071,13
773.904,0.071,13
774.109,0.071,13
774.307,0.071,13
774.509,0.071,13
774.713,0.070,13
774.916,0.070,13
775.123,0.071,13
775.324,0.071,13
775.529,0.071,13
775.735,0.071,13
775.935,0.071,13
776.145,0.070,13
776.338,0.070,13
776.547,0.070,13
776.752,0.070,13
776.953,0.070,13
777.152,0.070,13
777.361,0.070,13
777.559,0.070,13
777.767,0.070,13
777.966,0.070,13
778.176,0.070,13
778.369,0.071,13
778.581,0.071,13
778.779,0.071,13
778.988,0.071,13
779.184,0.071,13
779.392,0.071,13
779.588,0.071,13
779.792,0.071,13
779.998,0.071,13
780.197,0.071,13
780.402,0.071,13
780.611,0.071,13
780.812,0.071,13
781.017,0.071,13
781.216,0.071,13
781.426,0.071,13
781.623,0.071,14
781.829,0.071,14
782.027,0.071,14
782.235,0.071,14
782.435,0.071,14
782.636,0.071,14
782.840,0.071,14
783.051,0.071,14
783.248,0.071,14
783.447,0.071,14
783.655,0.070,14
783.863,0.071,14
784.062,0.071,14
784.260,0.071,14
784.464,0.071,14
784.675,0.071,14
784.871,0.071,14
785.074,0.071,14
785.276,0.071,14
785.484,0.071,14
785.686,0.071,14
785.891,0.071,14
786.089,0.071,14
786.298,0.071,14
786.495,0.071,14
786.707,0.071,14
786.904,0.071,14
787.111,0.071,14
787.309,0.071,14
787.516,0.071,14
787.716,0.071,14
787.916,0.071,14
788.120,0.070,14
788.327,0.070,14
788.529,0.070,14
788.735,0.070,14
788.937,0.070,14
789.144,0.070,14
789.341,0.070,14
789.550,0.070,14
789.750,0.070,14
789.954,0.070,14
790.152,0.070,14
790.361,0.070,14
790.559,0.070,14
790.763,0.070,14
790.965,0.070,14
791.166,0.070,14
791.371,0.070,14
791.572,0.070,14
791.780,0.070,14
791.985,0.070,14
792.187,0.070,14
792.390,0.071,14
792.590,0.071,14
792.799,0.071,14
792.995,0.071,14
793.198,0.071,14
793.403,0.071,14
793.612,0.071,14
793.809,0.070,14
794.011,0.070,14
794.213,0.070,14
794.425,0.070,14
794.622,0.071,14
794.832,0.071,14
795.026,0.071,14
795.235,0.071,14
795.437,0.071,14
795.643,0.071,14
795.838,0.071,14
796.048,0.070,14
796.246,0.070,14
796.451,0.070,14
796.651,0.070,14
796.855,0.070,14
797.060,0.070,14
797.268,0.070,14
797.464,0.071,14
797.677,0.071,14
797.873,0.070,14
798.080,0.070,14
798.279,0.070,14
798.486,0.071,14
798.684,0.071,14
798.895,0.071,14
799.088,0.071,14
799.298,0.071,14
799.505,0.071,14
799.701,0.071,14
799.901,0.071,14
800.110,0.071,14
800.311,0.071,14
800.520,0.071,14
800.716,0.071,14
800.924,0.071,14
801.120,0.071,14
801.330,0.071,14
801.525,0.071,14
801.736,0.072,14
801.936,0.072,14
802.142,0.072,14
802.339,0.072,14
802.541,0.072,14
802.745,0.072,14
802.955,0.072,14
803.155,0.071,14
803.361,0.071,14
803.558,0.071,14
803.766,0.072,14
803.965,0.072,14
804.166,0.072,14
804.371,0.072,14
804.572,0.072,14
804.777,0.072,14
804.988,0.072,14
805.191,0.072,14
805.391,0.072,14
805.589,0.072,14
805.799,0.072,14
805.996,0.072,14
806.204,0.072,14
806.401,0.072,14
806.611,0.072,14
806.807,0.072,14
807.019,0.072,14
807.216,0.072,14
807.424,0.072,14
807.623,0.072,14
807.824,0.072,14
808.027,0.072,14
808.234,0.072,14
808.438,0.072,14
808.644,0.072,14
808.838,0.071,14
809.050,0.071,14
809.245,0.071,14
809.455,0.071,14
809.651,0.071,14
809.863,0.071,14
810.060,0.071,14
810.266,0.071,14
810.466,0.072,14
810.673,0.072,14
810.871,0.071,14
811.074,0.071,14
811.280,0.071,14
811.485,0.071,14
811.683,0.072,14
811.885,0.072,14
812.091,0.072,14
812.299,0.072,14
812.499,0.072,14
812.697,0.072,14
812.904,0.072,14
813.110,0.072,14
813.311,0.072,14
813.512,0.072,14
813.713,0.072,14
813.916,0.072,14
814.124,0.072,14
814.330,0.072,14
814.529,0.072,14
814.736,0.072,14
814.932,0.072,14
815.141,0.072,14
815.338,0.072,14
815.547,0.072,14
815.746,0.072,14
815.955,0.072,14
816.152,0.072,14
816.362,0.072,14
816.565,0.072,14
816.760,0.071,14
816.964,0.071,14
817.173,0.071,14
817.371,0.072,14
817.580,0.072,14
817.779,0.072,14
817.985,0.072,14
818.182,0.072,14
818.392,0.073,14
818.589,0.073,14
818.797,0.072,14
818.995,0.072,14
819.201,0.072,14
819.403,0.072,14
819.609,0.072,14
819.810,0.072,14
820.010,0.072,14
820.215,0.072,14
820.423,0.072,14
820.623,0.071,14
820.824,0.071,14
821.025,0.071,14
821.237,0.071,14
821.436,0.071,14
821.644,0.071,14
821.838,0.071,14
822.052,0.072,14
822.251,0.072,14
822.455,0.072,14
822.651,0.072,14
822.860,0.071,14
823.057,0.071,14
823.269,0.072,14
823.466,0.072,14
823.672,0.072,14
823.873,0.073,14
824.082,0.073,14
824.279,0.073,14
824.485,0.073,14
824.686,0.073,14
824.888,0.073,14
825.088,0.072,14
825.297,0.072,14
825.498,0.072,14
825.705,0.072,14
825.903,0.072,14
826.112,0.072,14
826.311,0.072,14
826.516,0.072,14
826.714,0.071,14
826.924,0.071,14
827.120,0.071,14
827.332,0.071,14
827.526,0.072,14
827.735,0.072,14
827.938,0.072,14
828.136,0.073,14
828.340,0.073,14
828.550,0.073,14
828.746,0.073,14
828.948,0.073,14
829.155,0.073,14
829.363,0.072,14
829.558,0.072,14
829.768,0.072,14
829.964,0.072,14
830.173,0.072,14
830.373,0.072,14
830.581,0.072,14
830.779,0.072,14
830.979,0.072,14
831.182,0.072,14
831.385,0.072,14
831.589,0.072,14
831.797,0.072,14
831.997,0.072,14
832.198,0.072,14
832.403,0.072,14
832.613,0.072,14
832.809,0.072,14
833.020,0.072,14
833.213,0.072,14
833.416,0.072,14
833.625,0.073,14
833.824,0.073,14
834.026,0.073,14
834.235,0.073,14
834.437,0.073,14
834.644,0.073,14
834.838,0.073,14
835.051,0.073,14
835.245,0.073,14
835.455,0.072,14
835.654,0.072,14
835.860,0.072,14
836.059,0.072,14
836.261,0.072,14
836.465,0.072,14
836.668,0.072,14
836.872,0.072,14
837.081,0.072,14
837.280,0.072,14
837.486,0.072,14
837.686,0.072,14
837.891,0.072,14
838.089,0.072,14
838.298,0.072,14
838.498,0.072,14
838.704,0.072,14
838.902,0.072,14
839.113,0.072,14
839.309,0.072,14
839.511,0.072,14
839.714,0.072,14
839.926,0.072,14
840.121,0.072,14
840.331,0.072,14
840.528,0.072,14
840.736,0.072,14
840.933,0.072,14
841.135,0.072,14
841.341,0.072,14
841.550,0.072,15
841.748,0.072,15
841.950,0.072,15
842.151,0.072,15
842.354,0.073,15
842.559,0.073,15
842.766,0.073,15
842.965,0.073,15
843.172,0.073,15
843.372,0.073,15
843.573,0.072,15
843.777,0.072,15
843.985,0.072,15
844.186,0.072,15
844.385,0.072,15
844.590,0.072,15
844.800,0.072,15
844.994,0.072,15
845.200,0.072,15
845.403,0.072,15
845.612,0.073,15
845.809,0.073,15
846.019,0.073,15
846.215,0.073,15
846.425,0.073,15
846.624,0.073,15
846.831,0.073,15
847.028,0.072,15
847.235,0.072,15
847.432,0.072,15
847.638,0.072,15
847.841,0.072,15
848.046,0.072,15
848.248,0.072,15
848.447,0.072,15
848.652,0.073,15
848.860,0.073,15
849.060,0.072,15
849.267,0.073,15
849.465,0.073,15
849.673,0.073,15
849.874,0.073,15
850.081,0.073,15
850.275,0.073,15
850.488,0.073,15
850.688,0.073,15
850.889,0.073,15
851.091,0.073,15
851.298,0.073,15
851.496,0.073,15
851.706,0.073,15
851.902,0.073,15
852.113,0.073,15
852.307,0.073,15
852.510,0.073,15
852.715,0.073,15
852.923,0.073,15
853.121,0.073,15
853.325,0.073,15
853.526,0.073,15
853.735,0.073,15
853.935,0.073,15
854.143,0.073,15
854.338,0.073,15
854.548,0.073,15
854.747,0.073,15
854.955,0.073,15
855.153,0.073,15
855.361,0.073,15
855.560,0.073,15
855.769,0.073,15
855.965,0.073,15
856.172,0.073,15
856.371,0.073,15
856.575,0.073,15
856.778,0.073,15
856.985,0.073,15
857.186,0.073,15
857.393,0.073,15
857.588,0.073,15
857.800,0.073,15
857.995,0.073,15
858.207,0.073,15
858.404,0.073,15
858.611,0.073,15
858.810,0.073,15
859.017,0.073,15
859.216,0.073,15
859.422,0.073,15
859.619,0.073,15
859.823,0.073,15
860.029,0.073,15
860.237,0.073,15
860.437,0.073,15
860.635,0.073,15
860.840,0.073,15
861.050,0.073,15
861.248,0.073,15
861.456,0.073,15
861.652,0.073,15
861.862,0.073,15
862.064,0.073,15
862.260,0.073,15
862.463,0.073,15
862.676,0.073,15
862.870,0.073,15
863.080,0.073,15
863.279,0.073,15
863.485,0.073,15
863.682,0.073,15
863.892,0.073,15
864.088,0.073,15
864.299,0.073,15
864.495,0.073,15
864.698,0.073,15
864.904,0.073,15
865.109,0.073,15
865.310,0.073,15
865.517,0.073,15
865.713,0.073,15
865.923,0.073,15
866.121,0.073,15
866.330,0.074,15
866.529,0.074,15
866.736,0.075,15
866.936,0.075,15
867.144,0.075,15
867.339,0.076,15
867.547,0.076,15
867.746,0.076,15
867.951,0.075,15
868.155,0.075,15
868.360,0.075,15
868.563,0.075,15
868.768,0.075,15
868.966,0.075,15
869.174,0.075,15
869.375,0.075,15
869.582,0.075,15
869.779,0.075,15
869.987,0.074,15
870.183,0.074,15
870.386,0.074,15
870.588,0.074,15
870.791,0.074,15
870.996,0.074,15
871.206,0.074,15
871.405,0.074,15
871.613,0.074,15
871.810,0.074,15
872.010,0.074,15
872.214,0.074,15
872.424,0.074,15
872.622,0.074,15
872.831,0.074,15
873.028,0.074,15
873.235,0.074,15
873.433,0.074,15
873.636,0.074,15
873.841,0.074,15
874.051,0.074,15
874.249,0.074,15
874.448,0.074,15
874.651,0.074,15
874.861,0.074,15
875.058,0.074,15
875.269,0.074,15
875.463,0.074,15
875.673,0.074,15
875.869,0.074,15
876.075,0.074,15
876.275,0.074,15
876.484,0.074,15
876.684,0.073,15
876.892,0.073,15
877.088,0.073,15
877.300,0.073,15
877.501,0.073,15
877.705,0.073,15
877.902,0.073,15
878.113,0.073,15
878.309,0.073,15
878.519,0.073,15
878.713,0.073,15
878.922,0.073,15
879.130,0.074,15
879.326,0.074,15
879.527,0.075,15
879.736,0.075,15
879.935,0.075,15
880.143,0.075,15
880.338,0.075,15
880.549,0.075,15
880.748,0.074,15
880.955,0.074,15
881.153,0.074,15
881.360,0.074,15
881.558,0.074,15
881.761,0.074,15
881.964,0.074,15
882.168,0.074,15
882.373,0.074,15
882.581,0.073,15
882.777,0.073,15
882.987,0.073,15
883.186,0.073,15
883.390,0.073,15
883.589,0.074,15
883.800,0.075,15
883.995,0.075,15
884.198,0.075,15
884.402,0.075,15
884.609,0.075,15
884.815,0.075,15
885.013,0.075,15
885.215,0.075,15
885.425,0.075,15
885.621,0.075,15
885.830,0.075,15
886.025,0.075,15
886.235,0.075,15
886.432,0.075,15
886.643,0.075,15
886.841,0.074,15
887.049,0.074,15
887.246,0.073,15
887.456,0.073,15
887.650,0.073,15
887.859,0.073,15
888.058,0.073,15
888.268,0.073,15
888.466,0.073,15
888.666,0.073,15
888.873,0.073,15
889.074,0.074,15
889.277,0.074,15
889.488,0.074,15
889.687,0.075,15
889.893,0.075,15
890.090,0.075,15
890.298,0.075,15
890.495,0.075,15
890.701,0.075,15
890.902,0.074,15
891.111,0.074,15
891.308,0.074,15
891.519,0.074,15
891.716,0.074,15
891.925,0.075,15
892.122,0.075,15
892.331,0.075,15
892.529,0.075,15
892.736,0.075,15
892.938,0.075,15
893.136,0.075,15
893.339,0.075,15
893.546,0.075,15
893.747,0.075,15
893.956,0.075,15
894.153,0.075,15
894.360,0.075,15
894.562,0.075,15
894.761,0.075,15
894.963,0.075,15
895.166,0.075,15
895.374,0.075,15
895.577,0.074,15
895.778,0.075,15
895.985,0.075,15
896.185,0.075,15
896.391,0.075,15
896.589,0.075,15
896.799,0.076,15
896.997,0.076,15
897.206,0.076,15
897.400,0.076,15
897.612,0.076,15
897.812,0.076,15
898.010,0.075,15
898.214,0.075,15
898.425,0.075,15
898.621,0.076,15
898.830,0.076,15
899.026,0.076,15
899.234,0.076,15
899.436,0.076,15
899.643,0.077,15
899.838,0.076,15
900.048,0.076,15
900.246,0.076,15
900.454,0.076,15
900.654,0.075,15
900.861,0.075,15
901.059,0.075,15
901.268,0.075,15
901.463,0.075,15
901.673,0.075,16
901.870,0.075,16
902.078,0.075,16
902.278,0.075,16
902.485,0.075,16
902.684,0.075,16
902.893,0.075,16
903.090,0.075,16
903.300,0.075,16
903.500,0.075,16
903.703,0.075,16
903.905,0.075,16
904.111,0.076,16
904.308,0.076,16
904.517,0.077,16
904.713,0.077,16
904.919,0.077,16
905.121,0.076,16
905.332,0.076,16
905.527,0.076,16
905.737,0.076,16
905.935,0.076,16
906.136,0.076,16
906.340,0.076,16
906.548,0.076,16
906.747,0.076,16
906.955,0.076,16
907.153,0.076,16
907.363,0.076,16
907.564,0.076,16
907.762,0.075,16
907.963,0.075,16
908.174,0.075,16
908.372,0.075,16
908.582,0.076,16
908.779,0.076,16
908.986,0.076,16
909.181,0.076,16
909.393,0.076,16
909.588,0.076,16
909.799,0.076,16
909.998,0.076,16
910.201,0.075,16
910.402,0.075,16
910.605,0.076,16
910.807,0.076,16
911.018,0.076,16
911.215,0.076,16
911.423,0.076,16
911.620,0.076,16
911.830,0.076,16
912.026,0.077,16
912.234,0.077,16
912.433,0.076,16
912.644,0.076,16
912.839,0.076,16
913.047,0.076,16
913.255,0.076,16
913.452,0.076,16
913.655,0.076,16
913.860,0.076,16
914.062,0.076,16
914.269,0.076,16
914.465,0.076,16
914.675,0.076,16
914.869,0.076,16
915.082,0.076,16
915.276,0.076,16
915.487,0.076,16
915.683,0.076,16
915.891,0.076,16
916.091,0.075,16
916.291,0.075,16
916.494,0.075,16
916.706,0.075,16
916.903,0.076,16
917.110,0.076,16
917.308,0.076,16
917.516,0.077,16
917.714,0.077,16
917.924,0.078,16
918.122,0.078,16
918.329,0.078,16
918.527,0.078,16
918.734,0.078,16
918.938,0.079,16
919.137,0.079,16
919.339,0.079,16
919.548,0.078,16
919.747,0.078,16
919.954,0.078,16
920.151,0.078,16
920.363,0.077,16
920.558,0.077,16
920.768,0.077,16
920.964,0.077,16
921.174,0.077,16
921.372,0.077,16
921.579,0.077,16
921.777,0.078,16
921.979,0.078,16
922.187,0.078,16
922.393,0.078,16
922.591,0.078,16
922.799,0.078,16
922.997,0.078,16
923.199,0.078,16
923.401,0.079,16
923.611,0.079,16
923.810,0.079,16
924.018,0.080,16
924.213,0.080,16
924.423,0.080,16
924.621,0.079,16
924.825,0.078,16
925.027,0.078,16
925.236,0.078,16
925.435,0.078,16
925.635,0.078,16
925.838,0.078,16
926.048,0.078,16
926.249,0.078,16
926.457,0.078,16
926.650,0.078,16
926.861,0.078,16
927.060,0.078,16
927.267,0.078,16
927.465,0.078,16
927.669,0.078,16
927.873,0.078,16
928.081,0.078,16
928.280,0.078,16
928.486,0.078,16
928.684,0.078,16
928.891,0.078,16
929.090,0.078,16
929.291,0.078,16
929.497,0.078,16
929.704,0.078,16
929.901,0.078,16
930.111,0.078,16
930.315,0.077,16
930.510,0.077,16
930.715,0.077,16
930.924,0.077,16
931.122,0.077,16
931.322,0.077,16
931.527,0.077,16
931.736,0.076,16
931.932,0.076,16
932.141,0.076,16
932.338,0.076,16
932.549,0.076,16
932.744,0.076,16
932.949,0.076,16
933.151,0.076,16
933.354,0.076,16
933.561,0.076,16
933.768,0.077,16
933.963,0.078,16
934.172,0.078,16
934.372,0.079,16
934.574,0.079,16
934.775,0.078,16
934.988,0.078,16
935.185,0.078,16
935.394,0.078,16
935.588,0.079,16
935.798,0.080,16
936.001,0.081,16
936.200,0.081,16
936.405,0.083,16
936.611,0.085,16
936.809,0.088,16
937.020,0.091,16
937.214,0.094,16
937.426,0.096,16
937.625,0.098,16
937.829,0.100,16
938.028,0.102,16
938.238,0.105,16
938.438,0.107,16
938.642,0.109,16
938.839,0.110,16
939.041,0.110,16
939.247,0.110,16
939.456,0.110,16
939.652,0.110,16
939.862,0.110,16
940.061,0.111,16
940.266,0.112,16
940.465,0.112,16
940.676,0.110,16
940.871,0.105,16
941.079,0.103,16
941.276,0.101,16
941.484,0.102,16
941.688,0.105,16
941.885,0.108,16
942.088,0.113,16
942.301,0.119,16
942.497,0.124,16
942.706,0.129,16
942.901,0.131,16
943.110,0.131,16
943.311,0.129,16
943.510,0.129,16
943.715,0.130,16
943.922,0.134,16
944.123,0.136,16
944.330,0.135,16
944.526,0.130,16
944.728,0.125,16
944.933,0.122,16
945.143,0.121,16
945.340,0.122,16
945.551,0.124,16
945.746,0.127,16
945.954,0.132,16
946.155,0.137,16
946.363,0.143,16
946.561,0.150,16
946.769,0.155,16
946.965,0.158,16
947.166,0.158,16
947.370,0.159,16
947.575,0.159,16
947.775,0.161,16
947.986,0.162,16
948.186,0.164,16
948.390,0.168,16
948.590,0.172,16
948.798,0.178,16
948.995,0.182,16
949.206,0.182,16
949.400,0.178,16
949.610,0.170,16
949.809,0.157,16
950.010,0.143,16
950.214,0.129,16
950.417,0.120,16
950.622,0.113,16
950.823,0.106,16
951.030,0.101,16
951.235,0.097,16
951.438,0.095,16
951.635,0.094,16
951.839,0.093,16
952.051,0.092,16
952.249,0.091,16
952.457,0.090,16
952.651,0.089,16
952.860,0.088,16
953.060,0.087,16
953.263,0.087,16
953.463,0.086,16
953.666,0.085,16
953.872,0.085,16
954.083,0.085,16
954.280,0.085,16
954.486,0.085,16
954.687,0.085,16
954.894,0.085,16
955.090,0.085,16
955.298,0.086,16
955.496,0.086,16
955.700,0.086,16
955.905,0.086,16
956.109,0.085,16
956.311,0.085,16
956.518,0.085,16
956.714,0.085,16
956.923,0.085,16
957.121,0.085,16
957.322,0.084,16
957.525,0.083,16
957.738,0.083,16
957.938,0.083,16
958.144,0.083,16
958.340,0.083,16
958.547,0.083,16
958.752,0.082,16
958.950,0.082,16
959.155,0.081,16
959.361,0.081,16
959.559,0.081,16
959.767,0.082,16
959.964,0.082,16
960.176,0.082,16
960.373,0.082,16
960.578,0.081,16
960.778,0.081,16
960.987,0.082,16
961.183,0.082,16
961.392,0.082,16
961.591,0.083,17
961.791,0.084,17
961.996,0.084,17
962.207,0.083,17
962.404,0.083,17
962.610,0.082,17
962.809,0.082,17
963.016,0.082,17
963.215,0.082,17
963.426,0.082,17
963.623,0.082,17
963.829,0.082,17
964.027,0.081,17
964.237,0.081,17
964.440,0.081,17
964.635,0.081,17
964.839,0.081,17
965.051,0.081,17
965.244,0.081,17
965.448,0.081,17
965.651,0.081,17
965.860,0.081,17
966.061,0.081,17
966.267,0.081,17
966.463,0.081,17
966.674,0.082,17
966.874,0.082,17
967.074,0.081,17
967.276,0.081,17
967.485,0.081,17
967.685,0.081,17
967.893,0.081,17
968.091,0.081,17
968.297,0.081,17
968.497,0.081,17
968.704,0.082,17
968.902,0.082,17
969.113,0.082,17
969.310,0.082,17
969.520,0.081,17
969.714,0.081,17
969.923,0.081,17
970.129,0.081,17
970.325,0.081,17
970.530,0.081,17
970.736,0.081,17
970.936,0.081,17
971.145,0.081,17
971.338,0.081,17
971.547,0.081,17
971.750,0.081,17
971.956,0.081,17
972.151,0.081,17
972.360,0.081,17
972.562,0.081,17
972.768,0.082,17
972.963,0.082,17
973.168,0.084,17
973.371,0.085,17
973.581,0.086,17
973.775,0.089,17
973.988,0.091,17
974.186,0.096,17
974.392,0.100,17
974.589,0.101,17
974.791,0.099,17
974.996,0.096,17
975.205,0.092,17
975.402,0.089,17
975.612,0.087,17
975.815,0.087,17
976.011,0.086,17
976.213,0.085,17
976.422,0.085,17
976.624,0.084,17
976.829,0.084,17
977.026,0.084,17
977.238,0.083,17
977.434,0.083,17
977.645,0.083,17
977.838,0.082,17
978.050,0.083,17
978.246,0.083,17
978.448,0.083,17
978.655,0.083,17
978.854,0.082,17
979.062,0.082,17
979.270,0.082,17
979.463,0.082,17
979.674,0.082,17
979.874,0.082,17
980.073,0.082,17
980.276,0.082,17
980.488,0.082,17
980.685,0.082,17
980.891,0.082,17
981.089,0.082,17
981.291,0.082,17
981.496,0.082,17
981.701,0.082,17
981.903,0.082,17
982.110,0.082,17
982.309,0.082,17
982.509,0.082,17
982.715,0.082,17
982.924,0.082,17
983.124,0.082,17
983.331,0.082,17
983.530,0.082,17
983.736,0.082,17
983.934,0.082,17
984.142,0.083,17
984.341,0.083,17
984.542,0.083,17
984.747,0.083,17
984.955,0.083,17
985.154,0.082,17
985.362,0.082,17
985.557,0.083,17
985.760,0.083,17
985.965,0.083,17
986.166,0.083,17
986.372,0.083,17
986.574,0.083,17
986.778,0.083,17
986.987,0.083,17
987.188,0.083,17
987.387,0.083,17
987.589,0.083,17
987.797,0.083,17
987.995,0.083,17
988.207,0.083,17
988.403,0.083,17
988.610,0.083,17
988.807,0.083,17
989.019,0.083,17
989.214,0.083,17
989.423,0.083,17
989.620,0.082,17
989.824,0.082,17
990.027,0.082,17
990.233,0.082,17
990.436,0.082,17
990.643,0.082,17
990.838,0.082,17
991.041,0.083,17
991.248,0.083,17
991.455,0.083,17
991.652,0.083,17
991.863,0.083,17
992.059,0.083,17
992.260,0.083,17
992.466,0.083,17
992.674,0.083,17
992.876,0.083,17
993.073,0.083,17
993.279,0.083,17
993.486,0.083,17
993.684,0.083,17
993.894,0.083,17
994.088,0.083,17
994.302,0.083,17
994.500,0.084,17
994.705,0.084,17
994.905,0.084,17
995.110,0.084,17
995.312,0.084,17
995.511,0.084,17
995.715,0.084,17
995.918,0.084,17
996.123,0.084,17
996.331,0.084,17
996.525,0.084,17
996.738,0.084,17
996.936,0.084,17
997.140,0.084,17
997.338,0.084,17
997.547,0.084,17
997.744,0.085,17
997.947,0.085,17
998.151,0.084,17
998.361,0.084,17
998.557,0.084,17
998.761,0.084,17
998.964,0.084,17
999.174,0.084,17
999.372,0.084,17
999.581,0.084,17
999.776,0.084,17
999.986,0.084,17
1000.187,0.084,17
1000.395,0.084,17
1000.590,0.084,17
1000.800,0.084,17
1000.996,0.084,17
1001.205,0.084,17
1001.402,0.084,17
1001.603,0.084,17
1001.807,0.084,17
1002.019,0.084,17
1002.213,0.084,17
1002.422,0.085,17
1002.620,0.084,17
1002.829,0.084,17
1003.030,0.084,17
1003.236,0.085,17
1003.435,0.085,17
1003.635,0.085,17
1003.838,0.085,17
1004.047,0.085,17
1004.251,0.085,17
1004.452,0.085,17
1004.654,0.085,17
1004.862,0.085,17
1005.060,0.084,17
1005.268,0.084,17
1005.466,0.084,17
1005.676,0.084,17
1005.869,0.085,17
1006.081,0.085,17
1006.278,0.085,17
1006.485,0.085,17
1006.684,0.085,17
1006.893,0.085,17
1007.090,0.085,17
1007.293,0.085,17
1007.496,0.085,17
1007.706,0.085,17
1007.903,0.085,17
1008.112,0.085,17
1008.312,0.085,17
1008.520,0.085,17
1008.715,0.085,17
1008.926,0.085,17
1009.122,0.085,17
1009.332,0.085,17
1009.526,0.085,17
1009.737,0.085,17
1009.934,0.085,17
1010.134,0.085,17
1010.341,0.085,17
1010.549,0.085,17
1010.748,0.086,17
1010.947,0.086,17
1011.150,0.085,17
1011.361,0.086,17
1011.557,0.085,17
1011.760,0.085,17
1011.966,0.086,17
1012.176,0.086,17
1012.372,0.086,17
1012.576,0.086,17
1012.775,0.086,17
1012.979,0.086,17
1013.185,0.086,17
1013.393,0.086,17
1013.588,0.086,17
1013.797,0.086,17
1013.996,0.086,17
1014.205,0.086,17
1014.403,0.086,17
1014.613,0.086,17
1014.811,0.087,17
1015.020,0.087,17
1015.214,0.087,17
1015.423,0.087,17
1015.620,0.087,17
1015.828,0.087,17
1016.028,0.087,17
1016.235,0.087,17
1016.438,0.087,17
1016.636,0.087,17
1016.838,0.087,17
1017.050,0.087,17
1017.249,0.087,17
1017.455,0.087,17
1017.654,0.087,17
1017.862,0.087,17
1018.057,0.087,17
1018.261,0.087,17
1018.466,0.087,17
1018.669,0.087,17
1018.871,0.087,17
1019.072,0.087,17
1019.278,0.087,17
1019.488,0.087,17
1019.686,0.087,17
1019.895,0.087,17
1020.089,0.087,17
1020.297,0.087,17
1020.498,0.087,17
1020.704,0.088,17
1020.901,0.088,17
1021.113,0.088,17
1021.315,0.088,17
1021.516,0.087,18
1021.716,0.088,18
1021.922,0.088,18
1022.120,0.088,18
1022.322,0.088,18
1022.530,0.088,18
1022.738,0.088,18
1022.933,0.088,18
1023.145,0.088,18
1023.341,0.088,18
1023.549,0.088,18
1023.748,0.088,18
1023.953,0.088,18
1024.151,0.088,18
1024.360,0.088,18
1024.561,0.088,18
1024.760,0.088,18
1024.966,0.088,18
1025.173,0.088,18
1025.374,0.088,18
1025.578,0.088,18
1025.775,0.089,18
1025.986,0.089,18
1026.182,0.089,18
1026.385,0.089,18
1026.589,0.089,18
1026.798,0.089,18
1026.996,0.089,18
1027.203,0.089,18
1027.403,0.089,18
1027.610,0.089,18
1027.808,0.089,18
1028.019,0.089,18
1028.216,0.089,18
1028.423,0.089,18
1028.624,0.089,18
1028.833,0.089,18
1029.027,0.089,18
1029.235,0.089,18
1029.436,0.089,18
1029.644,0.089,18
1029.839,0.089,18
1030.044,0.089,18
1030.244,0.089,18
1030.456,0.089,18
1030.650,0.089,18
1030.860,0.089,18
1031.063,0.089,18
1031.265,0.090,18
1031.464,0.090,18
1031.674,0.090,18
1031.873,0.090,18
1032.080,0.090,18
1032.278,0.090,18
1032.487,0.090,18
1032.688,0.090,18
1032.886,0.090,18
1033.089,0.090,18
1033.301,0.090,18
1033.498,0.090,18
1033.704,0.090,18
1033.905,0.090,18
1034.110,0.090,18
1034.307,0.090,18
1034.518,0.090,18
1034.716,0.090,18
1034.925,0.090,18
1035.124,0.090,18
1035.324,0.090,18
1035.525,0.090,18
1035.729,0.090,18
1035.937,0.090,18
1036.145,0.090,18
1036.341,0.090,18
1036.547,0.090,18
1036.746,0.090,18
1036.953,0.090,18
1037.152,0.090,18
1037.359,0.090,18
1037.557,0.091,18
1037.768,0.091,18
1037.965,0.091,18
1038.166,0.091,18
1038.371,0.091,18
1038.577,0.091,18
1038.775,0.091,18
1038.988,0.091,18
1039.187,0.091,18
1039.385,0.091,18
1039.589,0.091,18
1039.801,0.091,18
1039.995,0.091,18
1040.206,0.091,18
1040.402,0.091,18
1040.611,0.091,18
1040.809,0.092,18
1041.016,0.092,18
1041.215,0.092,18
1041.416,0.092,18
1041.622,0.092,18
1041.832,0.092,18
1042.025,0.092,18
1042.237,0.092,18
1042.434,0.092,18
1042.641,0.092,18
1042.839,0.092,18
1043.049,0.092,18
1043.247,0.092,18
1043.458,0.092,18
1043.654,0.092,18
1043.861,0.093,18
1044.058,0.093,18
1044.262,0.093,18
1044.463,0.093,18
1044.674,0.093,18
1044.870,0.093,18
1045.073,0.092,18
1045.279,0.092,18
1045.486,0.092,18
1045.682,0.093,18
1045.892,0.093,18
1046.089,0.093,18
1046.297,0.093,18
1046.496,0.093,18
1046.702,0.093,18
1046.904,0.093,18
1047.110,0.093,18
1047.312,0.093,18
1047.519,0.093,18
1047.716,0.094,18
1047.926,0.094,18
1048.122,0.094,18
1048.329,0.094,18
1048.525,0.094,18
1048.736,0.094,18
1048.933,0.094,18
1049.142,0.094,18
1049.341,0.094,18
1049.541,0.094,18
1049.752,0.093,18
1049.950,0.093,18
1050.150,0.093,18
1050.360,0.093,18
1050.558,0.094,18
1050.769,0.094,18
1050.965,0.094,18
1051.166,0.094,18
1051.373,0.094,18
1051.573,0.094,18
1051.779,0.094,18
1051.988,0.094,18
1052.186,0.094,18
1052.388,0.094,18
1052.589,0.094,18
1052.797,0.095,18
1052.996,0.096,18
1053.198,0.096,18
1053.403,0.095,18
1053.610,0.095,18
1053.810,0.094,18
1054.018,0.094,18
1054.215,0.094,18
1054.426,0.095,18
1054.620,0.095,18
1054.831,0.095,18
1055.027,0.095,18
1055.237,0.095,18
1055.439,0.094,18
1055.638,0.094,18
1055.839,0.094,18
1056.050,0.094,18
1056.246,0.094,18
1056.449,0.094,18
1056.650,0.094,18
1056.860,0.094,18
1057.056,0.094,18
1057.270,0.094,18
1057.465,0.094,18
1057.675,0.094,18
1057.873,0.095,18
1058.081,0.095,18
1058.279,0.096,18
1058.485,0.096,18
1058.684,0.096,18
1058.893,0.095,18
1059.091,0.095,18
1059.298,0.095,18
1059.497,0.096,18
1059.699,0.096,18
1059.902,0.096,18
1060.110,0.096,18
1060.310,0.096,18
1060.519,0.096,18
1060.716,0.097,18
1060.925,0.097,18
1061.121,0.096,18
1061.323,0.096,18
1061.528,0.096,18
1061.735,0.097,18
1061.934,0.097,18
1062.144,0.097,18
1062.338,0.097,18
1062.550,0.097,18
1062.745,0.097,18
1062.957,0.097,18
1063.153,0.097,18
1063.361,0.097,18
1063.560,0.097,18
1063.762,0.097,18
1063.965,0.097,18
1064.168,0.097,18
1064.374,0.097,18
1064.581,0.097,18
1064.775,0.097,18
1064.987,0.097,18
1065.187,0.097,18
1065.395,0.097,18
1065.588,0.097,18
1065.801,0.097,18
1065.998,0.097,18
1066.206,0.097,18
1066.401,0.097,18
1066.612,0.099,18
1066.808,0.101,18
1067.010,0.102,18
1067.215,0.101,18
1067.424,0.100,18
1067.624,0.098,18
1067.832,0.097,18
1068.026,0.097,18
1068.237,0.097,18
1068.438,0.097,18
1068.643,0.097,18
1068.840,0.097,18
1069.049,0.098,18
1069.247,0.101,18
1069.451,0.106,18
1069.652,0.112,18
1069.854,0.116,18
1070.062,0.117,18
1070.266,0.114,18
1070.466,0.112,18
1070.673,0.111,18
1070.870,0.109,18
1071.079,0.109,18
1071.278,0.109,18
1071.487,0.113,18
1071.684,0.120,18
1071.892,0.127,18
1072.089,0.132,18
1072.297,0.136,18
1072.501,0.140,18
1072.698,0.145,18
1072.905,0.148,18
1073.113,0.147,18
1073.311,0.143,18
1073.519,0.139,18
1073.716,0.136,18
1073.925,0.134,18
1074.124,0.133,18
1074.330,0.131,18
1074.529,0.126,18
1074.734,0.120,18
1074.932,0.114,18
1075.141,0.109,18
1075.338,0.106,18
1075.542,0.104,18
1075.749,0.103,18
1075.948,0.103,18
1076.151,0.103,18
1076.362,0.103,18
1076.560,0.102,18
1076.767,0.102,18
1076.964,0.101,18
1077.173,0.100,18
1077.374,0.099,18
1077.581,0.099,18
1077.775,0.099,18
1077.988,0.100,18
1078.182,0.101,18
1078.385,0.103,18
1078.588,0.104,18
1078.801,0.104,18
1078.996,0.103,18
1079.200,0.102,18
1079.404,0.102,18
1079.611,0.103,18
1079.810,0.105,18
1080.018,0.108,18
1080.214,0.112,18
1080.416,0.115,18
1080.623,0.121,18
1080.826,0.129,18
1081.026,0.139,18
1081.235,0.151,18
1081.436,0.165,18
1081.641,0.181,19
1081.841,0.198,19
