1.415,0.075,1
1.622,0.075,1
1.821,0.075,1
2.031,0.075,1
2.231,0.075,1
2.433,0.075,1
2.634,0.075,1
2.840,0.075,1
3.040,0.075,1
3.249,0.075,1
3.445,0.075,1
3.656,0.075,1
3.850,0.075,1
4.062,0.075,1
4.260,0.075,1
4.467,0.075,1
4.663,0.075,1
4.873,0.075,1
5.068,0.075,1
5.273,0.075,1
5.477,0.075,1
5.678,0.075,1
5.885,0.075,1
6.091,0.075,1
6.292,0.075,1
6.497,0.075,1
6.695,0.075,1
6.904,0.075,1
7.101,0.075,1
7.311,0.075,1
7.507,0.075,1
7.718,0.075,1
7.919,0.075,1
8.115,0.074,1
8.319,0.074,1
8.532,0.074,1
8.729,0.074,1
8.938,0.074,1
9.131,0.074,1
9.341,0.074,1
9.542,0.074,1
9.750,0.074,1
9.944,0.074,1
10.153,0.074,1
10.351,0.074,1
10.555,0.074,1
10.760,0.074,1
10.964,0.074,1
11.165,0.074,1
11.374,0.074,1
11.569,0.074,1
11.778,0.074,1
11.978,0.074,1
12.179,0.074,1
12.383,0.074,1
12.591,0.073,1
12.791,0.073,1
12.999,0.073,1
13.196,0.073,1
13.403,0.073,1
13.600,0.073,1
13.808,0.074,1
14.010,0.073,1
14.216,0.073,1
14.418,0.073,1
14.622,0.073,1
14.819,0.073,1
15.032,0.073,1
15.229,0.073,1
15.437,0.073,1
15.631,0.073,1
15.842,0.073,1
16.039,0.073,1
16.247,0.073,1
16.444,0.073,1
16.648,0.073,1
16.853,0.073,1
17.060,0.073,1
17.259,0.073,1
17.466,0.073,1
17.668,0.073,1
17.871,0.073,1
18.070,0.073,1
18.281,0.073,1
18.479,0.073,1
18.687,0.073,1
18.881,0.073,1
19.090,0.073,1
19.295,0.073,1
19.493,0.073,1
19.695,0.073,1
19.906,0.073,1
20.103,0.073,1
20.303,0.073,1
20.510,0.073,1
20.716,0.073,1
20.913,0.073,1
21.125,0.073,1
21.320,0.073,1
21.528,0.073,1
21.728,0.073,1
21.931,0.073,1
22.131,0.073,1
22.334,0.073,1
22.543,0.074,1
22.749,0.075,1
22.943,0.075,1
23.153,0.075,1
23.352,0.075,1
23.559,0.075,1
23.760,0.075,1
23.964,0.075,1
24.164,0.075,1
24.365,0.075,1
24.571,0.075,1
24.771,0.075,1
24.975,0.075,1
25.182,0.075,1
25.384,0.075,1
25.590,0.075,1
25.789,0.075,1
25.997,0.075,1
26.196,0.075,1
26.406,0.075,1
26.606,0.075,1
26.812,0.075,1
27.010,0.075,1
27.216,0.075,1
27.415,0.075,1
27.617,0.075,1
27.819,0.075,1
28.022,0.075,1
28.225,0.075,1
28.435,0.075,1
28.635,0.075,1
28.840,0.075,1
29.038,0.075,1
29.242,0.075,1
29.443,0.075,1
29.656,0.075,1
29.852,0.075,1
30.060,0.075,1
30.257,0.075,1
30.466,0.075,1
30.663,0.075,1
30.866,0.075,1
31.071,0.075,1
31.282,0.075,1
31.479,0.075,1
31.678,0.075,1
31.885,0.075,1
32.091,0.075,1
32.287,0.075,1
32.499,0.075,1
32.693,0.075,1
32.905,0.075,1
33.103,0.075,1
33.308,0.075,1
33.509,0.075,1
33.715,0.076,1
33.917,0.076,1
34.122,0.076,1
34.321,0.076,1
34.531,0.076,1
34.727,0.076,1
34.928,0.076,1
35.135,0.076,1
35.341,0.076,1
35.539,0.076,1
35.751,0.076,1
35.945,0.076,1
36.153,0.076,1
36.356,0.076,1
36.557,0.076,1
36.760,0.076,1
36.967,0.076,1
37.168,0.076,1
37.373,0.076,1
37.572,0.076,1
37.781,0.076,1
37.980,0.076,1
38.179,0.076,1
38.384,0.076,1
38.590,0.076,1
38.792,0.076,1
38.997,0.075,1
39.195,0.076,1
39.399,0.075,1
39.605,0.075,1
39.804,0.075,1
40.010,0.075,1
40.217,0.075,1
40.416,0.075,1
40.616,0.075,1
40.821,0.075,1
41.032,0.075,1
41.229,0.075,1
41.437,0.075,1
41.633,0.075,1
41.843,0.075,1
42.038,0.075,1
42.243,0.075,1
42.444,0.075,1
42.655,0.076,1
42.854,0.076,1
43.060,0.076,1
43.260,0.076,1
43.466,0.076,1
43.664,0.076,1
43.865,0.076,1
44.072,0.076,1
44.280,0.076,1
44.480,0.076,1
44.679,0.076,1
44.881,0.076,1
45.088,0.076,1
45.287,0.076,1
45.499,0.076,1
45.694,0.076,1
45.903,0.076,1
46.103,0.076,1
46.310,0.076,1
46.508,0.076,1
46.716,0.076,1
46.914,0.076,1
47.124,0.076,1
47.321,0.076,1
47.530,0.076,1
47.732,0.076,1
47.934,0.076,1
48.135,0.076,1
48.342,0.076,1
48.538,0.076,1
48.749,0.076,1
48.944,0.076,1
49.155,0.076,1
49.355,0.076,1
49.553,0.076,1
49.756,0.076,1
49.968,0.076,1
50.165,0.076,1
50.373,0.076,1
50.568,0.076,1
50.777,0.076,1
50.977,0.076,1
51.185,0.076,1
51.383,0.076,1
51.589,0.076,1
51.791,0.076,1
51.996,0.076,1
52.195,0.076,1
52.406,0.076,1
52.601,0.076,1
52.811,0.076,1
53.006,0.076,1
53.215,0.076,1
53.413,0.076,1
53.618,0.076,1
53.820,0.076,1
54.031,0.076,1
54.227,0.076,1
54.429,0.076,1
54.631,0.076,1
54.841,0.076,1
55.037,0.076,1
55.240,0.076,1
55.443,0.076,1
55.655,0.076,1
55.853,0.076,1
56.056,0.076,1
56.258,0.076,1
56.465,0.076,1
56.665,0.076,1
56.875,0.076,1
57.069,0.076,1
57.278,0.076,1
57.476,0.076,1
57.678,0.076,1
57.883,0.076,1
58.090,0.076,1
58.290,0.076,1
58.490,0.076,1
58.696,0.076,1
58.896,0.076,1
59.106,0.076,1
59.307,0.076,1
59.509,0.076,1
59.715,0.076,1
59.913,0.076,1
60.122,0.076,1
60.319,0.076,1
60.527,0.076,1
60.724,0.076,1
60.936,0.076,1
61.134,0.076,1
61.343,0.076,1
61.543,0.076,2
61.741,0.076,2
61.945,0.076,2
62.151,0.076,2
62.352,0.076,2
62.561,0.076,2
62.756,0.076,2
62.967,0.076,2
63.163,0.076,2
63.367,0.076,2
63.570,0.076,2
63.777,0.076,2
63.978,0.076,2
64.179,0.076,2
64.383,0.076,2
64.593,0.076,2
64.795,0.076,2
64.991,0.076,2
65.193,0.076,2
65.406,0.076,2
65.601,0.076,2
65.804,0.076,2
66.009,0.076,2
66.216,0.076,2
66.413,0.076,2
66.625,0.076,2
66.819,0.076,2
67.028,0.076,2
67.228,0.076,2
67.430,0.076,2
67.630,0.076,2
67.840,0.076,2
68.039,0.076,2
68.247,0.076,2
68.446,0.076,2
68.653,0.076,2
68.852,0.076,2
69.054,0.076,2
69.259,0.076,2
69.465,0.076,2
69.663,0.076,2
69.875,0.076,2
70.072,0.076,2
70.271,0.076,2
70.481,0.076,2
70.682,0.076,2
70.884,0.076,2
71.092,0.076,2
71.289,0.076,2
71.501,0.076,2
71.694,0.076,2
71.905,0.076,2
72.103,0.076,2
72.312,0.076,2
72.507,0.076,2
72.717,0.076,2
72.914,0.076,2
73.123,0.076,2
73.319,0.076,2
73.521,0.076,2
73.726,0.076,2
73.935,0.076,2
74.135,0.076,2
74.340,0.076,2
74.542,0.076,2
74.741,0.076,2
74.945,0.076,2
75.155,0.076,2
75.353,0.076,2
75.563,0.076,2
75.758,0.076,2
75.968,0.076,2
76.171,0.076,2
76.368,0.076,2
76.568,0.076,2
76.771,0.076,2
76.975,0.076,2
77.187,0.076,2
77.380,0.076,2
77.592,0.076,2
77.787,0.076,2
77.997,0.076,2
78.194,0.076,2
78.405,0.076,2
78.602,0.076,2
78.808,0.076,2
79.006,0.076,2
79.211,0.076,2
79.415,0.076,2
79.615,0.076,2
79.820,0.076,2
80.026,0.076,2
80.229,0.076,2
80.435,0.076,2
80.632,0.076,2
80.844,0.076,2
81.039,0.076,2
81.249,0.076,2
81.444,0.076,2
81.653,0.076,2
81.857,0.076,2
82.057,0.076,2
82.255,0.076,2
82.466,0.076,2
82.666,0.076,2
82.874,0.076,2
83.070,0.076,2
83.280,0.076,2
83.479,0.076,2
83.686,0.076,2
83.884,0.076,2
84.091,0.076,2
84.289,0.076,2
84.491,0.076,2
84.694,0.076,2
84.903,0.076,2
85.101,0.076,2
85.303,0.076,2
85.509,0.076,2
85.718,0.076,2
85.917,0.076,2
86.116,0.076,2
86.321,0.076,2
86.530,0.076,2
86.728,0.076,2
86.935,0.076,2
87.131,0.076,2
87.339,0.076,2
87.544,0.076,2
87.742,0.076,2
87.943,0.077,2
88.157,0.076,2
88.353,0.076,2
88.554,0.076,2
88.760,0.076,2
88.966,0.077,2
89.167,0.076,2
89.374,0.076,2
89.571,0.076,2
89.779,0.076,2
89.980,0.076,2
90.180,0.077,2
90.381,0.076,2
90.589,0.077,2
90.792,0.076,2
91.000,0.077,2
91.194,0.077,2
91.404,0.077,2
91.601,0.077,2
91.804,0.077,2
92.010,0.077,2
92.216,0.077,2
92.415,0.077,2
92.623,0.077,2
92.820,0.076,2
93.026,0.076,2
93.232,0.077,2
93.432,0.077,2
93.630,0.077,2
93.842,0.077,2
94.039,0.077,2
94.250,0.077,2
94.443,0.077,2
94.646,0.077,2
94.855,0.077,2
95.062,0.076,2
95.260,0.077,2
95.468,0.077,2
95.667,0.077,2
95.871,0.077,2
96.071,0.077,2
96.278,0.077,2
96.476,0.077,2
96.688,0.077,2
96.885,0.077,2
97.092,0.077,2
97.292,0.076,2
97.496,0.076,2
97.695,0.076,2
97.905,0.077,2
98.100,0.077,2
98.311,0.077,2
98.506,0.076,2
98.716,0.077,2
98.920,0.077,2
99.118,0.077,2
99.319,0.077,2
99.527,0.077,2
99.727,0.076,2
99.937,0.076,2
100.135,0.076,2
100.341,0.076,2
100.542,0.077,2
100.748,0.077,2
100.944,0.077,2
101.154,0.076,2
101.353,0.076,2
101.557,0.077,2
101.758,0.076,2
101.959,0.076,2
102.167,0.077,2
102.365,0.076,2
102.568,0.077,2
102.778,0.077,2
102.979,0.077,2
103.178,0.077,2
103.384,0.076,2
103.592,0.077,2
103.789,0.077,2
103.992,0.077,2
104.193,0.077,2
104.404,0.077,2
104.605,0.077,2
104.808,0.077,2
105.008,0.077,2
105.217,0.077,2
105.414,0.077,2
105.615,0.077,2
105.818,0.077,2
106.030,0.077,2
106.229,0.077,2
106.435,0.077,2
106.634,0.077,2
106.841,0.076,2
107.039,0.076,2
107.242,0.077,2
107.444,0.077,2
107.652,0.077,2
107.853,0.077,2
108.061,0.076,2
108.259,0.077,2
108.466,0.077,2
108.664,0.077,2
108.872,0.077,2
109.070,0.077,2
109.277,0.077,2
109.476,0.077,2
109.686,0.077,2
109.882,0.076,2
110.091,0.077,2
110.295,0.077,2
110.490,0.077,2
110.696,0.077,2
110.906,0.077,2
111.105,0.077,2
111.304,0.077,2
111.510,0.077,2
111.716,0.077,2
111.918,0.077,2
112.123,0.077,2
112.322,0.077,2
112.528,0.077,2
112.728,0.077,2
112.933,0.077,2
113.132,0.077,2
113.338,0.077,2
113.543,0.077,2
113.751,0.077,2
113.946,0.077,2
114.152,0.077,2
114.353,0.077,2
114.553,0.077,2
114.758,0.077,2
114.965,0.077,2
115.165,0.077,2
115.373,0.077,2
115.571,0.077,2
115.780,0.077,2
115.981,0.077,2
116.181,0.077,2
116.381,0.077,2
116.590,0.077,2
116.788,0.076,2
116.998,0.077,2
117.194,0.077,2
117.404,0.076,2
117.604,0.077,2
117.813,0.076,2
118.009,0.077,2
118.216,0.076,2
118.413,0.076,2
118.622,0.076,2
118.819,0.077,2
119.024,0.077,2
119.226,0.077,2
119.434,0.076,2
119.635,0.076,2
119.841,0.077,2
120.043,0.077,2
120.248,0.077,2
120.443,0.077,2
120.655,0.076,2
120.853,0.076,2
121.060,0.076,2
121.257,0.076,2
121.467,0.077,2
121.670,0.077,3
121.865,0.077,3
122.069,0.077,3
122.282,0.077,3
122.476,0.077,3
122.688,0.076,3
122.885,0.077,3
123.092,0.077,3
123.292,0.076,3
123.501,0.077,3
123.693,0.077,3
123.903,0.077,3
124.104,0.077,3
124.305,0.077,3
124.506,0.077,3
124.711,0.077,3
124.917,0.077,3
125.123,0.077,3
125.318,0.077,3
125.527,0.077,3
125.728,0.077,3
125.928,0.077,3
126.131,0.077,3
126.340,0.077,3
126.539,0.077,3
126.747,0.077,3
126.946,0.077,3
127.154,0.077,3
127.357,0.077,3
127.555,0.077,3
127.756,0.077,3
127.966,0.077,3
128.165,0.077,3
128.365,0.077,3
128.568,0.077,3
128.781,0.077,3
128.979,0.077,3
129.187,0.077,3
129.385,0.077,3
129.593,0.077,3
129.789,0.077,3
129.996,0.077,3
130.194,0.077,3
130.398,0.077,3
130.601,0.077,3
130.812,0.077,3
131.009,0.077,3
131.218,0.077,3
131.413,0.077,3
131.616,0.077,3
131.819,0.077,3
132.031,0.077,3
132.228,0.077,3
132.429,0.077,3
132.635,0.077,3
132.842,0.077,3
133.044,0.077,3
133.241,0.077,3
133.444,0.077,3
133.656,0.077,3
133.853,0.077,3
134.052,0.077,3
134.260,0.077,3
134.466,0.077,3
134.663,0.077,3
134.876,0.077,3
135.068,0.077,3
135.277,0.077,3
135.479,0.077,3
135.681,0.077,3
135.881,0.077,3
136.089,0.077,3
136.291,0.077,3
136.490,0.077,3
136.694,0.077,3
136.896,0.077,3
137.103,0.077,3
137.310,0.077,3
137.506,0.077,3
137.717,0.077,3
137.912,0.077,3
138.123,0.077,3
138.321,0.077,3
138.531,0.077,3
138.725,0.077,3
138.934,0.077,3
139.133,0.077,3
139.340,0.077,3
139.539,0.077,3
139.750,0.077,3
139.945,0.077,3
140.146,0.077,3
140.356,0.077,3
140.563,0.077,3
140.755,0.077,3
140.967,0.077,3
141.168,0.077,3
141.372,0.077,3
141.570,0.077,3
141.773,0.077,3
141.978,0.077,3
142.185,0.077,3
142.383,0.077,3
142.590,0.077,3
142.791,0.077,3
142.991,0.077,3
143.197,0.077,3
143.405,0.077,3
143.602,0.077,3
143.813,0.077,3
144.007,0.077,3
144.218,0.077,3
144.419,0.077,3
144.616,0.077,3
144.819,0.077,3
145.021,0.077,3
145.227,0.077,3
145.429,0.077,3
145.632,0.077,3
145.842,0.077,3
146.038,0.077,3
146.248,0.077,3
146.444,0.077,3
146.655,0.077,3
146.852,0.077,3
147.057,0.077,3
147.257,0.077,3
147.459,0.077,3
147.666,0.077,3
147.873,0.077,3
148.068,0.077,3
148.279,0.077,3
148.476,0.077,3
148.684,0.077,3
148.885,0.077,3
149.091,0.077,3
149.290,0.077,3
149.498,0.077,3
149.696,0.077,3
149.904,0.077,3
150.100,0.077,3
150.308,0.077,3
150.507,0.077,3
150.716,0.077,3
150.914,0.077,3
151.124,0.077,3
151.319,0.077,3
151.531,0.077,3
151.731,0.077,3
151.937,0.077,3
152.133,0.077,3
152.342,0.077,3
152.539,0.077,3
152.748,0.077,3
152.945,0.077,3
153.151,0.077,3
153.353,0.077,3
153.554,0.077,3
153.759,0.077,3
153.967,0.077,3
154.168,0.077,3
154.367,0.077,3
154.570,0.077,3
154.780,0.077,3
154.979,0.077,3
155.185,0.077,3
155.381,0.077,3
155.592,0.077,3
155.794,0.077,3
155.992,0.077,3
156.193,0.077,3
156.406,0.077,3
156.603,0.077,3
156.803,0.077,3
157.006,0.077,3
157.218,0.077,3
157.412,0.077,3
157.626,0.077,3
157.819,0.077,3
158.029,0.077,3
158.226,0.077,3
158.430,0.077,3
158.632,0.077,3
158.835,0.077,3
159.043,0.077,3
159.240,0.077,3
159.445,0.077,3
159.653,0.077,3
159.852,0.077,3
160.052,0.077,3
160.259,0.077,3
160.467,0.077,3
160.664,0.077,3
160.874,0.077,3
161.069,0.077,3
161.282,0.077,3
161.482,0.077,3
161.684,0.077,3
161.883,0.077,3
162.092,0.077,3
162.290,0.077,3
162.500,0.077,3
162.693,0.077,3
162.902,0.077,3
163.105,0.077,3
163.311,0.077,3
163.508,0.077,3
163.716,0.077,3
163.914,0.077,3
164.125,0.077,3
164.320,0.077,3
164.522,0.077,3
164.729,0.077,3
164.935,0.077,3
165.132,0.077,3
165.341,0.077,3
165.543,0.077,3
165.742,0.077,3
165.946,0.077,3
166.152,0.077,3
166.353,0.077,3
166.561,0.077,3
166.760,0.077,3
166.965,0.077,3
167.169,0.077,3
167.365,0.077,3
167.571,0.077,3
167.781,0.077,3
167.977,0.077,3
168.186,0.077,3
168.385,0.077,3
168.590,0.077,3
168.792,0.077,3
168.998,0.077,3
169.195,0.077,3
169.405,0.077,3
169.601,0.077,3
169.805,0.077,3
170.006,0.077,3
170.210,0.077,3
170.417,0.077,3
170.623,0.077,3
170.820,0.077,3
171.026,0.077,3
171.227,0.077,3
171.437,0.077,3
171.633,0.077,3
171.840,0.077,3
172.039,0.077,3
172.249,0.077,3
172.443,0.077,3
172.653,0.077,3
172.857,0.077,3
173.057,0.077,3
173.257,0.077,3
173.468,0.077,3
173.665,0.077,3
173.875,0.077,3
174.068,0.077,3
174.280,0.077,3
174.475,0.077,3
174.685,0.077,3
174.885,0.077,3
175.093,0.078,3
175.292,0.078,3
175.492,0.077,3
175.694,0.077,3
175.898,0.077,3
176.101,0.077,3
176.310,0.077,3
176.507,0.077,3
176.719,0.077,3
176.914,0.077,3
177.116,0.077,3
177.320,0.077,3
177.529,0.078,3
177.726,0.077,3
177.927,0.077,3
178.132,0.077,3
178.343,0.077,3
178.546,0.077,3
178.742,0.077,3
178.944,0.077,3
179.152,0.077,3
179.353,0.077,3
179.553,0.077,3
179.757,0.077,3
179.966,0.077,3
180.162,0.077,3
180.375,0.077,3
180.570,0.077,3
180.779,0.077,3
180.979,0.077,3
181.181,0.077,3
181.381,0.077,3
181.590,0.077,4
181.792,0.078,4
181.997,0.078,4
182.196,0.078,4
182.403,0.078,4
182.601,0.078,4
182.804,0.077,4
183.010,0.077,4
183.214,0.078,4
183.415,0.078,4
183.622,0.078,4
183.821,0.078,4
184.021,0.077,4
184.225,0.077,4
184.432,0.078,4
184.634,0.078,4
184.842,0.078,4
185.040,0.077,4
185.247,0.078,4
185.446,0.078,4
185.656,0.078,4
185.855,0.078,4
186.054,0.078,4
186.256,0.078,4
186.468,0.078,4
186.665,0.078,4
186.868,0.078,4
187.070,0.078,4
187.271,0.078,4
187.477,0.078,4
187.686,0.078,4
187.884,0.077,4
188.092,0.077,4
188.291,0.077,4
188.496,0.077,4
188.694,0.077,4
188.903,0.077,4
189.100,0.077,4
189.311,0.077,4
189.510,0.078,4
189.717,0.077,4
189.922,0.077,4
190.117,0.077,4
190.319,0.077,4
190.530,0.078,4
190.726,0.077,4
190.937,0.077,4
191.134,0.077,4
191.341,0.077,4
191.537,0.077,4
191.748,0.077,4
191.945,0.077,4
192.153,0.077,4
192.353,0.078,4
192.559,0.078,4
192.760,0.078,4
192.964,0.078,4
193.166,0.078,4
193.366,0.078,4
193.571,0.077,4
193.778,0.078,4
193.979,0.077,4
194.177,0.078,4
194.381,0.078,4
194.592,0.078,4
194.792,0.078,4
194.998,0.078,4
195.194,0.077,4
195.403,0.077,4
195.599,0.078,4
195.807,0.077,4
196.010,0.077,4
196.218,0.078,4
196.416,0.078,4
196.623,0.078,4
196.821,0.078,4
197.030,0.078,4
197.230,0.078,4
197.437,0.078,4
197.633,0.078,4
197.840,0.078,4
198.039,0.078,4
198.246,0.078,4
198.445,0.078,4
198.647,0.078,4
198.851,0.078,4
199.061,0.078,4
199.258,0.078,4
199.468,0.078,4
199.665,0.078,4
199.872,0.078,4
200.070,0.078,4
200.280,0.078,4
200.478,0.078,4
200.678,0.078,4
200.882,0.078,4
201.091,0.078,4
201.295,0.078,4
201.492,0.078,4
201.693,0.078,4
201.905,0.078,4
202.102,0.078,4
202.303,0.078,4
202.509,0.078,4
202.715,0.078,4
202.913,0.078,4
203.126,0.078,4
203.320,0.078,4
203.530,0.078,4
203.729,0.078,4
203.935,0.078,4
204.131,0.078,4
204.340,0.078,4
204.543,0.078,4
204.748,0.078,4
204.944,0.078,4
205.153,0.078,4
205.351,0.078,4
205.560,0.078,4
205.759,0.078,4
205.966,0.078,4
206.165,0.078,4
206.365,0.078,4
206.569,0.078,4
206.771,0.078,4
206.976,0.078,4
207.180,0.078,4
207.385,0.078,4
207.592,0.078,4
207.789,0.078,4
207.998,0.078,4
208.194,0.078,4
208.403,0.078,4
208.600,0.078,4
208.811,0.078,4
209.006,0.078,4
209.216,0.078,4
209.413,0.078,4
209.621,0.078,4
209.822,0.078,4
210.023,0.078,4
210.229,0.078,4
210.436,0.078,4
210.634,0.078,4
210.843,0.078,4
211.041,0.078,4
211.241,0.078,4
211.446,0.078,4
211.656,0.078,4
211.852,0.078,4
212.061,0.078,4
212.257,0.078,4
212.466,0.078,4
212.670,0.078,4
212.866,0.078,4
213.068,0.078,4
213.280,0.078,4
213.477,0.078,4
213.678,0.078,4
213.885,0.078,4
214.091,0.078,4
214.293,0.078,4
214.500,0.078,4
214.696,0.078,4
214.904,0.078,4
215.101,0.078,4
215.305,0.078,4
215.506,0.078,4
215.710,0.078,4
215.914,0.078,4
216.124,0.078,4
216.320,0.078,4
216.529,0.078,4
216.726,0.078,4
216.936,0.078,4
217.135,0.078,4
217.341,0.078,4
217.540,0.078,4
217.748,0.078,4
217.947,0.078,4
218.154,0.078,4
218.357,0.078,4
218.558,0.078,4
218.758,0.078,4
218.965,0.078,4
219.164,0.078,4
219.374,0.078,4
219.569,0.078,4
219.781,0.078,4
219.981,0.078,4
220.186,0.078,4
220.384,0.078,4
220.590,0.078,4
220.790,0.078,4
220.996,0.078,4
221.195,0.078,4
221.397,0.078,4
221.603,0.078,4
221.809,0.078,4
222.009,0.078,4
222.215,0.078,4
222.417,0.078,4
222.615,0.078,4
222.818,0.078,4
223.021,0.078,4
223.227,0.078,4
223.435,0.078,4
223.632,0.078,4
223.841,0.078,4
224.044,0.078,4
224.246,0.078,4
224.445,0.078,4
224.655,0.078,4
224.851,0.078,4
225.054,0.078,4
225.256,0.078,4
225.466,0.078,4
225.663,0.078,4
225.874,0.078,4
226.070,0.078,4
226.278,0.078,4
226.478,0.078,4
226.681,0.078,4
226.881,0.078,4
227.090,0.078,4
227.293,0.078,4
227.493,0.078,4
227.695,0.078,4
227.904,0.078,4
228.104,0.078,4
228.312,0.078,4
228.510,0.078,4
228.719,0.078,4
228.913,0.078,4
229.115,0.078,4
229.320,0.078,4
229.528,0.078,4
229.726,0.078,4
229.932,0.078,4
230.132,0.078,4
230.342,0.078,4
230.542,0.078,4
230.748,0.078,4
230.945,0.078,4
231.156,0.078,4
231.356,0.078,4
231.562,0.078,4
231.755,0.078,4
231.968,0.078,4
232.164,0.078,4
232.368,0.078,4
232.571,0.078,4
232.771,0.078,4
232.978,0.078,4
233.185,0.078,4
233.385,0.078,4
233.590,0.078,4
233.793,0.078,4
233.991,0.078,4
234.196,0.078,4
234.406,0.078,4
234.603,0.079,4
234.811,0.079,4
235.006,0.079,4
235.217,0.079,4
235.412,0.079,4
235.615,0.079,4
235.818,0.079,4
236.030,0.079,4
236.226,0.079,4
236.437,0.079,4
236.632,0.079,4
236.842,0.079,4
237.037,0.079,4
237.250,0.079,4
237.444,0.079,4
237.653,0.079,4
237.855,0.079,4
238.054,0.079,4
238.256,0.079,4
238.465,0.079,4
238.665,0.079,4
238.875,0.079,4
239.070,0.079,4
239.278,0.079,4
239.479,0.080,4
239.684,0.080,4
239.885,0.080,4
240.091,0.080,4
240.287,0.080,4
240.498,0.080,4
240.693,0.081,4
240.905,0.081,4
241.108,0.081,4
241.308,0.081,4
241.509,0.081,5
241.716,0.081,5
241.914,0.081,5
242.122,0.082,5
242.322,0.082,5
242.531,0.082,5
242.725,0.082,5
242.937,0.082,5
243.130,0.082,5
243.341,0.082,5
243.541,0.083,5
243.746,0.083,5
243.947,0.083,5
244.152,0.083,5
244.353,0.084,5
244.554,0.084,5
244.758,0.084,5
244.966,0.084,5
245.168,0.084,5
245.366,0.085,5
245.571,0.085,5
245.778,0.085,5
245.978,0.085,5
246.186,0.085,5
246.383,0.086,5
246.592,0.086,5
246.796,0.086,5
246.991,0.086,5
247.195,0.087,5
247.406,0.087,5
247.603,0.087,5
247.803,0.087,5
248.010,0.088,5
248.218,0.088,5
248.412,0.088,5
248.623,0.089,5
248.821,0.089,5
249.029,0.090,5
249.227,0.090,5
249.431,0.090,5
249.634,0.090,5
249.834,0.091,5
250.041,0.091,5
250.249,0.091,5
250.443,0.091,5
250.646,0.092,5
250.852,0.093,5
251.053,0.094,5
251.258,0.095,5
251.465,0.096,5
251.667,0.098,5
251.865,0.101,5
252.072,0.104,5
252.281,0.109,5
252.480,0.114,5
252.682,0.123,5
252.883,0.134,5
253.090,0.160,5
253.290,0.187,5
253.497,0.226,5
253.696,0.278,5
253.906,0.343,5
254.105,0.417,5
254.310,0.501,5
254.507,0.589,5
254.716,0.670,5
254.914,0.738,5
255.122,0.793,5
255.320,0.840,5
255.526,0.879,5
255.726,0.912,5
255.936,0.941,5
256.134,0.966,5
256.342,0.989,5
256.542,1.009,5
256.740,1.028,5
256.946,1.031,5
257.155,1.031,5
257.353,1.031,5
257.562,1.031,5
257.758,1.031,5
257.966,1.031,5
258.171,1.031,5
258.367,1.031,5
258.568,1.031,5
258.781,1.031,5
258.976,1.031,5
259.187,1.031,5
259.382,1.031,5
259.591,1.031,5
259.788,1.031,5
259.997,1.031,5
260.196,1.031,5
260.404,1.031,5
260.601,1.031,5
260.804,1.031,5
261.006,1.031,5
261.213,1.031,5
261.416,1.031,5
261.625,1.031,5
261.821,1.031,5
262.029,1.031,5
262.227,1.031,5
262.435,1.031,5
262.635,1.031,5
262.841,1.031,5
263.041,1.031,5
263.249,1.031,5
263.446,1.031,5
263.646,1.031,5
263.855,1.031,5
264.054,1.031,5
264.256,1.031,5
264.467,1.031,5
264.667,1.031,5
264.873,1.031,5
265.072,1.031,5
265.280,1.031,5
265.481,1.031,5
265.688,1.031,5
265.885,1.031,5
266.092,1.031,5
266.289,1.031,5
266.491,1.031,5
266.695,1.031,5
266.900,1.031,5
267.104,1.031,5
267.312,1.031,5
267.510,1.031,5
267.716,1.031,5
267.917,1.031,5
268.122,1.031,5
268.320,1.031,5
268.531,1.031,5
268.730,1.031,5
268.935,1.031,5
269.132,1.031,5
269.343,1.031,5
269.544,1.031,5
269.742,1.031,5
269.944,1.031,5
270.156,1.031,5
270.353,1.031,5
270.553,1.031,5
270.759,1.031,5
270.967,1.031,5
271.166,1.031,5
271.373,1.031,5
271.568,1.031,5
271.779,1.031,5
271.980,1.031,5
272.182,1.031,5
272.382,1.031,5
272.584,1.031,5
272.792,1.031,5
272.990,1.031,5
273.194,1.031,5
273.403,1.031,5
273.604,1.031,5
273.809,1.031,5
274.007,1.031,5
274.215,1.031,5
274.414,1.031,5
274.624,1.031,5
274.820,1.031,5
275.028,1.031,5
275.226,1.031,5
275.433,1.031,5
275.635,1.031,5
275.840,1.031,5
276.038,1.031,5
276.250,1.031,5
276.445,1.031,5
276.655,1.031,5
276.854,1.031,5
277.063,1.031,5
277.259,1.031,5
277.466,1.031,5
277.665,1.031,5
277.868,1.031,5
278.070,1.031,5
278.274,1.031,5
278.477,1.031,5
278.685,1.031,5
278.883,1.031,5
279.092,1.031,5
279.287,1.031,5
279.496,1.031,5
279.693,1.031,5
279.906,1.031,5
280.103,1.031,5
280.304,1.031,5
280.507,1.031,5
280.719,1.031,5
280.919,1.031,5
281.117,1.031,5
281.320,1.031,5
281.530,1.031,5
281.728,1.031,5
281.937,1.031,5
282.130,1.031,5
282.341,1.031,5
282.538,1.031,5
282.741,1.031,5
282.946,1.031,5
283.152,1.031,5
283.354,1.031,5
283.559,1.031,5
283.760,1.031,5
283.964,1.031,5
284.168,1.031,5
284.375,1.031,5
284.569,1.031,5
284.778,1.031,5
284.978,1.031,5
285.178,1.031,5
285.380,1.031,5
285.592,1.031,5
285.790,1.031,5
285.990,1.031,5
286.196,1.031,5
286.404,1.031,5
286.605,1.031,5
286.807,1.031,5
287.006,1.031,5
287.215,1.031,5
287.412,1.031,5
287.623,1.031,5
287.821,1.031,5
288.027,1.031,5
288.231,1.031,5
288.438,1.031,5
288.630,1.031,5
288.842,1.031,5
289.039,1.031,5
289.248,1.031,5
289.446,1.031,5
289.647,1.031,5
289.853,1.031,5
290.060,1.031,5
290.258,1.031,5
290.469,1.031,5
290.665,1.031,5
290.872,1.031,5
291.069,1.031,5
291.279,1.031,5
291.478,1.031,5
291.688,1.031,5
291.882,1.031,5
292.091,1.031,5
292.296,1.031,5
292.490,1.031,5
292.694,1.031,5
292.906,1.031,5
293.103,1.031,5
293.302,1.031,5
293.507,1.031,5
293.715,1.031,5
293.913,1.031,5
294.115,1.031,5
294.320,1.031,5
294.528,1.031,5
294.727,1.031,5
294.936,1.031,5
295.135,1.031,5
295.334,1.031,5
295.541,1.031,5
295.750,1.031,5
295.945,1.031,5
296.152,1.031,5
296.351,1.031,5
296.553,1.031,5
296.759,1.031,5
296.966,1.031,5
297.165,1.031,5
297.375,1.031,5
297.568,1.031,5
297.780,1.031,5
297.982,1.031,5
298.184,1.031,5
298.384,1.031,5
298.593,1.031,5
298.789,1.031,5
298.998,1.031,5
299.193,1.031,5
299.402,1.031,5
299.600,1.031,5
299.812,1.031,5
300.010,1.031,5
300.216,1.031,5
300.414,1.031,5
300.623,1.031,5
300.820,1.031,5
301.023,1.031,5
301.228,1.031,5
301.428,1.031,5
301.635,1.031,6
301.843,1.031,6
302.043,1.031,6
302.250,1.031,6
302.444,1.031,6
302.657,1.031,6
302.854,1.031,6
303.060,1.031,6
303.256,1.031,6
303.465,1.031,6
303.664,1.031,6
303.866,1.031,6
304.069,1.031,6
304.279,1.031,6
304.475,1.031,6
304.688,1.031,6
304.881,1.031,6
305.091,1.031,6
305.293,1.031,6
305.500,1.031,6
305.695,1.031,6
305.904,1.031,6
306.103,1.031,6
306.306,1.031,6
306.506,1.031,6
306.709,1.031,6
306.917,1.031,6
307.125,1.031,6
307.320,1.031,6
307.531,1.031,6
307.727,1.031,6
307.929,1.031,6
308.131,1.031,6
308.340,1.031,6
308.541,1.031,6
308.750,1.031,6
308.945,1.031,6
309.156,1.031,6
309.357,1.031,6
309.559,1.031,6
309.760,1.031,6
309.967,1.031,6
310.163,1.031,6
310.375,1.031,6
310.571,1.031,6
310.781,1.031,6
310.981,1.031,6
311.186,1.031,6
311.381,1.031,6
311.590,1.031,6
311.789,1.031,6
311.991,1.031,6
312.196,1.031,6
312.398,1.031,6
312.600,1.031,6
312.811,1.031,6
313.008,1.031,6
313.215,1.031,6
313.413,1.031,6
313.615,1.031,6
313.819,1.031,6
314.031,1.031,6
314.226,1.031,6
314.436,1.031,6
314.632,1.031,6
314.843,1.031,6
315.044,1.031,6
315.242,1.031,6
315.444,1.031,6
315.653,1.031,6
315.852,1.031,6
316.060,1.031,6
316.257,1.031,6
316.466,1.031,6
316.669,1.031,6
316.875,1.031,6
317.069,1.031,6
317.278,1.031,6
317.478,1.031,6
317.681,1.031,6
317.885,1.031,6
318.084,1.031,6
318.288,1.031,6
318.490,1.031,6
318.696,1.031,6
318.904,1.031,6
319.101,1.031,6
319.303,1.031,6
319.508,1.031,6
319.714,1.031,6
319.917,1.031,6
320.125,1.031,6
320.321,1.031,6
320.529,1.031,6
320.725,1.031,6
320.931,1.031,6
321.133,1.031,6
321.340,1.031,6
321.542,1.031,6
321.748,1.031,6
321.945,1.031,6
322.146,1.031,6
322.356,1.031,6
322.562,1.031,6
322.759,1.031,6
322.968,1.031,6
323.162,1.031,6
323.372,1.031,6
323.572,1.031,6
323.772,1.031,6
323.976,1.031,6
324.187,1.031,6
324.380,1.031,6
324.593,1.031,6
324.790,1.031,6
324.990,1.031,6
325.194,1.031,6
325.404,1.031,6
325.604,1.031,6
325.803,1.031,6
326.007,1.031,6
326.218,1.031,6
326.419,1.031,6
326.617,1.031,6
326.821,1.031,6
327.032,1.031,6
327.227,1.031,6
327.437,1.031,6
327.630,1.031,6
327.841,1.031,6
328.041,1.031,6
328.248,1.031,6
328.443,1.031,6
328.651,1.031,6
328.854,1.031,6
329.056,1.031,6
329.260,1.031,6
329.465,1.031,6
329.665,1.031,6
329.865,1.031,6
330.069,1.031,6
330.281,1.031,6
330.478,1.031,6
330.686,1.031,6
330.885,1.031,6
331.092,1.031,6
331.290,1.031,6
331.497,1.031,6
331.697,1.031,6
331.904,1.031,6
332.106,1.031,6
332.306,1.031,6
332.507,1.031,6
332.716,1.031,6
332.916,1.031,6
333.122,1.031,6
333.321,1.031,6
333.531,1.031,6
333.724,1.031,6
333.936,1.031,6
334.135,1.031,6
334.343,1.031,6
334.539,1.031,6
334.748,1.031,6
334.945,1.031,6
335.148,1.031,6
335.353,1.031,6
335.553,1.031,6
335.758,1.031,6
335.965,1.031,6
336.165,1.031,6
336.365,1.031,6
336.569,1.031,6
336.771,1.031,6
336.978,1.031,6
337.187,1.031,6
337.381,1.031,6
337.590,1.031,6
337.794,1.031,6
337.990,1.031,6
338.194,1.031,6
338.406,1.031,6
338.603,1.031,6
338.802,1.031,6
339.009,1.031,6
339.217,1.031,6
339.414,1.031,6
339.623,1.031,6
339.818,1.031,6
340.029,1.031,6
340.227,1.031,6
340.431,1.026,6
340.632,1.020,6
340.835,1.015,6
341.043,1.010,6
341.240,1.006,6
341.443,1.003,6
341.653,0.999,6
341.854,0.997,6
342.053,0.994,6
342.256,0.991,6
342.467,0.988,6
342.664,0.985,6
342.875,0.983,6
343.071,0.981,6
343.282,0.980,6
343.475,0.981,6
343.682,0.982,6
343.885,0.983,6
344.091,0.982,6
344.292,0.980,6
344.499,0.977,6
344.695,0.973,6
344.906,0.967,6
345.105,0.960,6
345.311,0.953,6
345.509,0.947,6
345.717,0.942,6
345.914,0.939,6
346.121,0.937,6
346.319,0.937,6
346.522,0.937,6
346.727,0.937,6
346.937,0.936,6
347.134,0.934,6
347.343,0.931,6
347.541,0.927,6
347.741,0.921,6
347.944,0.916,6
348.154,0.910,6
348.354,0.904,6
348.560,0.896,6
348.757,0.888,6
348.968,0.879,6
349.169,0.871,6
349.371,0.865,6
349.568,0.861,6
349.782,0.858,6
349.976,0.855,6
350.186,0.854,6
350.381,0.853,6
350.593,0.853,6
350.792,0.853,6
350.991,0.853,6
351.193,0.853,6
351.402,0.852,6
351.610,0.851,6
351.809,0.850,6
352.006,0.848,6
352.215,0.847,6
352.414,0.845,6
352.625,0.843,6
352.819,0.840,6
353.021,0.837,6
353.228,0.834,6
353.435,0.831,6
353.631,0.828,6
353.840,0.825,6
354.041,0.822,6
354.249,0.820,6
354.443,0.817,6
354.652,0.815,6
354.850,0.813,6
355.058,0.810,6
355.258,0.808,6
355.465,0.807,6
355.664,0.805,6
355.875,0.802,6
356.070,0.801,6
356.271,0.798,6
356.475,0.796,6
356.686,0.793,6
356.883,0.790,6
357.091,0.786,6
357.290,0.783,6
357.492,0.780,6
357.693,0.777,6
357.898,0.773,6
358.101,0.769,6
358.310,0.766,6
358.508,0.763,6
358.715,0.760,6
358.916,0.757,6
359.126,0.754,6
359.319,0.751,6
359.531,0.749,6
359.728,0.746,6
359.937,0.742,6
360.132,0.737,6
360.341,0.731,6
360.546,0.724,6
360.740,0.718,6
360.944,0.713,6
361.154,0.708,6
361.351,0.704,6
361.560,0.701,7
361.760,0.697,7
361.966,0.693,7
362.167,0.690,7
362.365,0.686,7
362.570,0.683,7
362.778,0.680,7
362.977,0.677,7
363.184,0.674,7
363.382,0.672,7
363.590,0.669,7
363.793,0.666,7
363.999,0.664,7
364.194,0.662,7
364.402,0.660,7
364.601,0.659,7
364.809,0.657,7
365.006,0.656,7
365.217,0.655,7
365.416,0.653,7
365.616,0.651,7
365.818,0.649,7
366.031,0.646,7
366.225,0.644,7
366.434,0.641,7
366.633,0.638,7
366.842,0.635,7
367.042,0.632,7
367.249,0.630,7
367.445,0.628,7
367.655,0.626,7
367.855,0.623,7
368.054,0.621,7
368.259,0.619,7
368.469,0.617,7
368.668,0.615,7
368.872,0.613,7
369.072,0.611,7
369.272,0.609,7
369.476,0.607,7
369.678,0.606,7
369.880,0.605,7
370.091,0.603,7
370.293,0.602,7
370.492,0.601,7
370.696,0.600,7
370.903,0.599,7
371.101,0.597,7
371.310,0.596,7
371.507,0.595,7
371.714,0.594,7
371.918,0.593,7
372.118,0.593,7
372.321,0.593,7
372.529,0.593,7
372.728,0.594,7
372.936,0.595,7
373.131,0.596,7
373.341,0.596,7
373.538,0.595,7
373.750,0.594,7
373.944,0.593,7
374.153,0.591,7
374.353,0.590,7
374.561,0.587,7
374.757,0.585,7
374.963,0.582,7
375.166,0.579,7
375.365,0.577,7
375.569,0.575,7
375.771,0.573,7
375.980,0.571,7
376.184,0.570,7
376.384,0.569,7
376.590,0.567,7
376.790,0.567,7
377.001,0.566,7
377.196,0.566,7
377.404,0.566,7
377.600,0.567,7
377.806,0.567,7
378.009,0.567,7
378.218,0.566,7
378.415,0.564,7
378.615,0.562,7
378.819,0.560,7
379.031,0.557,7
379.229,0.554,7
379.436,0.551,7
379.632,0.548,7
379.844,0.546,7
380.042,0.544,7
380.247,0.542,7
380.446,0.540,7
380.649,0.538,7
380.853,0.536,7
381.061,0.534,7
381.256,0.531,7
381.466,0.530,7
381.666,0.528,7
381.865,0.526,7
382.070,0.524,7
382.282,0.523,7
382.478,0.522,7
382.686,0.521,7
382.883,0.520,7
383.092,0.520,7
383.295,0.519,7
383.490,0.518,7
383.696,0.517,7
383.906,0.516,7
384.100,0.515,7
384.303,0.515,7
384.510,0.513,7
384.717,0.512,7
384.917,0.511,7
385.125,0.510,7
385.320,0.508,7
385.528,0.507,7
385.727,0.505,7
385.930,0.503,7
386.135,0.501,7
386.340,0.500,7
386.543,0.498,7
386.749,0.496,7
386.946,0.495,7
387.153,0.493,7
387.352,0.492,7
387.559,0.491,7
387.759,0.491,7
387.965,0.490,7
388.165,0.490,7
388.365,0.490,7
388.572,0.490,7
388.782,0.489,7
388.975,0.489,7
389.182,0.488,7
389.382,0.487,7
389.592,0.487,7
389.789,0.486,7
389.999,0.485,7
390.195,0.484,7
390.405,0.482,7
390.600,0.481,7
390.812,0.479,7
391.010,0.478,7
391.218,0.477,7
391.416,0.475,7
391.617,0.474,7
391.818,0.473,7
392.027,0.472,7
392.225,0.472,7
392.434,0.470,7
392.633,0.469,7
392.843,0.469,7
393.043,0.467,7
393.250,0.466,7
393.443,0.466,7
393.655,0.465,7
393.855,0.464,7
394.053,0.463,7
394.256,0.462,7
394.467,0.461,7
394.669,0.461,7
394.865,0.460,7
395.069,0.459,7
395.281,0.459,7
395.479,0.458,7
395.678,0.458,7
395.881,0.457,7
396.091,0.457,7
396.291,0.456,7
396.498,0.455,7
396.694,0.455,7
396.905,0.454,7
397.103,0.454,7
397.306,0.453,7
397.506,0.452,7
397.709,0.451,7
397.916,0.450,7
398.124,0.449,7
398.320,0.448,7
398.528,0.447,7
398.726,0.446,7
398.929,0.445,7
399.135,0.444,7
399.341,0.443,7
399.539,0.442,7
399.750,0.441,7
399.945,0.440,7
400.154,0.439,7
400.350,0.437,7
400.556,0.436,7
400.758,0.435,7
400.965,0.434,7
401.167,0.433,7
401.374,0.433,7
401.569,0.433,7
401.771,0.433,7
401.979,0.432,7
402.187,0.431,7
402.385,0.429,7
402.591,0.428,7
402.789,0.428,7
402.993,0.427,7
403.193,0.426,7
403.397,0.425,7
403.603,0.424,7
403.812,0.423,7
404.009,0.422,7
404.217,0.421,7
404.417,0.420,7
404.625,0.419,7
404.819,0.418,7
405.028,0.416,7
405.229,0.415,7
405.428,0.414,7
405.632,0.413,7
405.840,0.413,7
406.044,0.413,7
406.242,0.412,7
406.446,0.412,7
406.655,0.412,7
406.854,0.412,7
407.053,0.411,7
407.257,0.410,7
407.467,0.409,7
407.667,0.408,7
407.865,0.407,7
408.069,0.406,7
408.279,0.404,7
408.476,0.403,7
408.681,0.402,7
408.881,0.400,7
409.084,0.399,7
409.289,0.398,7
409.491,0.396,7
409.696,0.395,7
409.903,0.393,7
410.103,0.392,7
410.311,0.391,7
410.509,0.389,7
410.715,0.388,7
410.920,0.387,7
411.125,0.386,7
411.322,0.386,7
411.521,0.385,7
411.731,0.386,7
411.933,0.386,7
412.131,0.387,7
412.340,0.388,7
412.540,0.389,7
412.749,0.389,7
412.944,0.387,7
413.155,0.385,7
413.353,0.382,7
413.562,0.379,7
413.760,0.376,7
413.967,0.374,7
414.163,0.372,7
414.373,0.371,7
414.570,0.371,7
414.774,0.371,7
414.978,0.372,7
415.179,0.373,7
415.383,0.374,7
415.590,0.375,7
415.791,0.375,7
416.000,0.376,7
416.195,0.376,7
416.402,0.376,7
416.600,0.376,7
416.802,0.374,7
417.006,0.372,7
417.216,0.370,7
417.420,0.368,7
417.616,0.366,7
417.819,0.365,7
418.028,0.364,7
418.228,0.364,7
418.437,0.363,7
418.635,0.363,7
418.840,0.363,7
419.038,0.363,7
419.250,0.363,7
419.443,0.362,7
419.653,0.362,7
419.853,0.362,7
420.054,0.362,7
420.255,0.361,7
420.459,0.360,7
420.667,0.359,7
420.873,0.358,7
421.070,0.357,7
421.279,0.356,7
421.480,0.354,7
421.678,0.353,8
421.885,0.352,8
422.091,0.351,8
422.290,0.350,8
422.499,0.349,8
422.697,0.348,8
422.896,0.346,8
423.101,0.346,8
423.306,0.344,8
423.510,0.343,8
423.716,0.341,8
423.914,0.340,8
424.124,0.339,8
424.322,0.338,8
424.529,0.337,8
424.729,0.335,8
424.937,0.335,8
425.134,0.335,8
425.341,0.335,8
425.540,0.335,8
425.748,0.335,8
425.944,0.336,8
426.147,0.337,8
426.352,0.338,8
426.554,0.339,8
426.759,0.340,8
426.967,0.341,8
427.166,0.342,8
427.366,0.343,8
427.569,0.343,8
427.779,0.344,8
427.977,0.344,8
428.186,0.343,8
428.382,0.343,8
428.592,0.342,8
428.787,0.341,8
428.992,0.343,8
429.197,0.344,8
429.405,0.346,8
429.603,0.347,8
429.804,0.347,8
430.007,0.345,8
430.216,0.343,8
430.413,0.341,8
430.622,0.340,8
430.819,0.340,8
431.021,0.340,8
431.235,0.340,8
431.434,0.340,8
431.632,0.341,8
431.835,0.341,8
432.042,0.342,8
432.249,0.342,8
432.446,0.342,8
432.656,0.341,8
432.852,0.341,8
433.053,0.341,8
433.258,0.341,8
433.469,0.341,8
433.668,0.341,8
433.875,0.340,8
434.068,0.338,8
434.278,0.336,8
434.482,0.333,8
434.682,0.329,8
434.883,0.326,8
435.091,0.323,8
435.289,0.319,8
435.490,0.317,8
435.696,0.316,8
435.905,0.314,8
436.105,0.313,8
436.313,0.312,8
436.510,0.311,8
436.717,0.309,8
436.916,0.307,8
437.122,0.305,8
437.319,0.304,8
437.524,0.302,8
437.726,0.300,8
437.935,0.298,8
438.134,0.296,8
438.343,0.295,8
438.542,0.294,8
438.740,0.293,8
438.943,0.294,8
439.154,0.295,8
439.353,0.297,8
439.553,0.299,8
439.758,0.302,8
439.965,0.304,8
440.171,0.305,8
440.366,0.307,8
440.572,0.307,8
440.777,0.306,8
440.976,0.305,8
441.177,0.303,8
441.381,0.301,8
441.590,0.299,8
441.791,0.296,8
441.999,0.293,8
442.196,0.291,8
442.404,0.289,8
442.603,0.288,8
442.804,0.286,8
443.009,0.284,8
443.211,0.283,8
443.417,0.282,8
443.624,0.280,8
443.822,0.279,8
444.028,0.278,8
444.227,0.278,8
444.435,0.277,8
444.630,0.277,8
444.841,0.276,8
445.042,0.275,8
445.249,0.275,8
445.445,0.274,8
445.653,0.274,8
445.850,0.275,8
446.058,0.277,8
446.259,0.280,8
446.468,0.282,8
446.665,0.284,8
446.874,0.286,8
447.069,0.286,8
447.277,0.285,8
447.479,0.283,8
447.687,0.281,8
447.883,0.277,8
448.091,0.275,8
448.289,0.271,8
448.491,0.268,8
448.695,0.265,8
448.898,0.263,8
449.100,0.261,8
449.311,0.260,8
449.507,0.259,8
449.718,0.260,8
449.918,0.260,8
450.117,0.261,8
450.319,0.262,8
450.532,0.262,8
450.727,0.260,8
450.936,0.258,8
451.132,0.255,8
451.340,0.251,8
451.546,0.247,8
451.740,0.243,8
451.944,0.239,8
452.156,0.236,8
452.351,0.233,8
452.554,0.231,8
452.757,0.229,8
452.965,0.228,8
453.163,0.226,8
453.373,0.226,8
453.569,0.225,8
453.780,0.224,8
453.976,0.223,8
454.182,0.223,8
454.381,0.223,8
454.590,0.223,8
454.791,0.223,8
454.991,0.223,8
455.195,0.223,8
455.407,0.222,8
455.600,0.222,8
455.803,0.222,8
456.009,0.222,8
456.217,0.222,8
456.414,0.222,8
456.625,0.222,8
456.821,0.221,8
457.032,0.221,8
457.225,0.220,8
457.434,0.219,8
457.632,0.218,8
457.842,0.217,8
458.039,0.216,8
458.247,0.216,8
458.445,0.216,8
458.654,0.215,8
458.854,0.215,8
459.062,0.215,8
459.259,0.215,8
459.468,0.216,8
459.665,0.216,8
459.871,0.216,8
460.071,0.215,8
460.272,0.213,8
460.478,0.211,8
460.686,0.209,8
460.883,0.207,8
461.094,0.206,8
461.293,0.206,8
461.491,0.205,8
461.693,0.205,8
461.901,0.205,8
462.103,0.205,8
462.309,0.205,8
462.508,0.204,8
462.718,0.203,8
462.920,0.202,8
463.122,0.200,8
463.319,0.198,8
463.521,0.197,8
463.730,0.196,8
463.934,0.196,8
464.131,0.195,8
464.341,0.195,8
464.537,0.195,8
464.748,0.194,8
464.943,0.194,8
465.154,0.194,8
465.355,0.195,8
465.556,0.195,8
465.755,0.196,8
465.965,0.196,8
466.167,0.197,8
466.374,0.198,8
466.571,0.198,8
466.777,0.198,8
466.978,0.198,8
467.185,0.197,8
467.382,0.196,8
467.591,0.196,8
467.791,0.195,8
467.999,0.194,8
468.195,0.193,8
468.401,0.192,8
468.610,0.191,8
468.804,0.190,8
469.009,0.190,8
469.215,0.189,8
469.413,0.189,8
469.624,0.189,8
469.822,0.189,8
470.021,0.190,8
470.229,0.190,8
470.437,0.190,8
470.634,0.189,8
470.842,0.189,8
471.042,0.188,8
471.247,0.187,8
471.445,0.186,8
471.648,0.185,8
471.853,0.186,8
472.054,0.186,8
472.260,0.187,8
472.466,0.188,8
472.668,0.188,8
472.867,0.187,8
473.071,0.185,8
473.277,0.183,8
473.479,0.181,8
473.686,0.180,8
473.883,0.178,8
474.090,0.178,8
474.296,0.177,8
474.491,0.177,8
474.696,0.176,8
474.907,0.176,8
475.100,0.175,8
475.312,0.175,8
475.509,0.174,8
475.716,0.174,8
475.918,0.173,8
476.123,0.173,8
476.319,0.172,8
476.528,0.172,8
476.730,0.171,8
476.931,0.171,8
477.132,0.171,8
477.335,0.171,8
477.542,0.170,8
477.750,0.170,8
477.943,0.170,8
478.153,0.170,8
478.350,0.170,8
478.560,0.170,8
478.760,0.170,8
478.965,0.171,8
479.166,0.171,8
479.375,0.171,8
479.571,0.172,8
479.778,0.172,8
479.976,0.173,8
480.181,0.173,8
480.384,0.173,8
480.590,0.172,8
480.789,0.172,8
480.999,0.171,8
481.196,0.171,8
481.396,0.170,8
481.606,0.170,9
481.813,0.169,9
482.010,0.169,9
482.215,0.168,9
482.416,0.168,9
482.622,0.167,9
482.818,0.167,9
483.022,0.166,9
483.229,0.166,9
483.436,0.166,9
483.631,0.165,9
483.841,0.165,9
484.039,0.164,9
484.240,0.164,9
484.444,0.165,9
484.656,0.166,9
484.851,0.168,9
485.060,0.171,9
485.257,0.174,9
485.468,0.174,9
485.670,0.174,9
485.867,0.171,9
486.071,0.168,9
486.280,0.165,9
486.477,0.162,9
486.687,0.160,9
486.881,0.159,9
487.091,0.158,9
487.292,0.157,9
487.490,0.157,9
487.694,0.156,9
487.905,0.156,9
488.102,0.156,9
488.310,0.156,9
488.506,0.156,9
488.714,0.156,9
488.913,0.156,9
489.122,0.156,9
489.320,0.156,9
489.532,0.156,9
489.729,0.156,9
489.928,0.156,9
490.131,0.155,9
490.340,0.155,9
490.540,0.155,9
490.749,0.154,9
490.945,0.154,9
491.154,0.154,9
491.356,0.154,9
491.557,0.153,9
491.760,0.153,9
491.966,0.153,9
492.168,0.153,9
492.374,0.152,9
492.572,0.152,9
492.771,0.152,9
492.981,0.152,9
493.188,0.151,9
493.385,0.151,9
493.593,0.151,9
493.787,0.151,9
493.998,0.151,9
494.194,0.151,9
494.397,0.151,9
494.600,0.151,9
494.813,0.151,9
495.009,0.151,9
495.214,0.151,9
495.415,0.151,9
495.622,0.152,9
495.820,0.152,9
496.032,0.152,9
496.228,0.152,9
496.435,0.152,9
496.631,0.152,9
496.841,0.152,9
497.047,0.152,9
497.242,0.152,9
497.443,0.152,9
497.655,0.151,9
497.851,0.151,9
498.053,0.151,9
498.260,0.151,9
498.467,0.151,9
498.667,0.152,9
498.865,0.152,9
499.070,0.152,9
499.278,0.153,9
499.478,0.153,9
499.680,0.153,9
499.882,0.154,9
500.086,0.154,9
500.292,0.154,9
500.490,0.155,9
500.696,0.156,9
500.902,0.156,9
501.101,0.157,9
501.313,0.157,9
501.509,0.157,9
501.716,0.157,9
501.915,0.157,9
502.115,0.156,9
502.322,0.156,9
502.521,0.155,9
502.726,0.154,9
502.933,0.153,9
503.133,0.153,9
503.343,0.152,9
503.543,0.151,9
503.750,0.151,9
503.944,0.151,9
504.146,0.150,9
504.355,0.150,9
504.560,0.150,9
504.757,0.150,9
504.968,0.150,9
505.165,0.150,9
505.372,0.151,9
505.570,0.153,9
505.778,0.154,9
505.977,0.156,9
506.186,0.157,9
506.385,0.159,9
506.590,0.159,9
506.792,0.157,9
506.991,0.156,9
507.194,0.155,9
507.404,0.154,9
507.601,0.152,9
507.811,0.151,9
508.007,0.150,9
508.216,0.149,9
508.419,0.148,9
508.615,0.147,9
508.821,0.147,9
509.030,0.146,9
509.228,0.146,9
509.435,0.145,9
509.632,0.145,9
509.840,0.145,9
510.042,0.144,9
510.249,0.144,9
510.445,0.144,9
510.653,0.144,9
510.852,0.144,9
511.054,0.144,9
511.256,0.144,9
511.465,0.144,9
511.667,0.144,9
511.874,0.144,9
512.070,0.144,9
512.280,0.144,9
512.479,0.144,9
512.679,0.145,9
512.884,0.145,9
513.091,0.145,9
513.290,0.146,9
513.499,0.146,9
513.696,0.147,9
513.903,0.147,9
514.106,0.147,9
514.308,0.147,9
514.509,0.147,9
514.717,0.148,9
514.914,0.148,9
515.125,0.148,9
515.322,0.148,9
515.529,0.148,9
515.729,0.148,9
515.936,0.148,9
516.134,0.148,9
516.343,0.148,9
516.539,0.148,9
516.742,0.149,9
516.943,0.149,9
517.149,0.149,9
517.351,0.150,9
517.562,0.150,9
517.760,0.151,9
517.965,0.151,9
518.168,0.152,9
518.366,0.153,9
518.569,0.153,9
518.780,0.154,9
518.977,0.155,9
519.184,0.156,9
519.382,0.157,9
519.591,0.157,9
519.796,0.159,9
519.990,0.160,9
520.194,0.160,9
520.405,0.160,9
520.604,0.160,9
520.812,0.160,9
521.010,0.159,9
521.216,0.159,9
521.414,0.158,9
521.623,0.157,9
521.822,0.157,9
522.029,0.157,9
522.225,0.157,9
522.429,0.157,9
522.635,0.157,9
522.840,0.157,9
523.040,0.157,9
523.251,0.157,9
523.444,0.157,9
523.653,0.157,9
523.852,0.157,9
524.060,0.158,9
524.260,0.158,9
524.466,0.158,9
524.665,0.158,9
524.874,0.159,9
525.071,0.159,9
525.278,0.159,9
525.481,0.159,9
525.680,0.160,9
525.881,0.160,9
526.091,0.160,9
526.292,0.161,9
526.498,0.161,9
526.695,0.161,9
526.902,0.162,9
527.106,0.162,9
527.302,0.162,9
527.508,0.162,9
527.718,0.163,9
527.915,0.163,9
528.123,0.163,9
528.320,0.163,9
528.526,0.164,9
528.728,0.164,9
528.936,0.165,9
529.135,0.165,9
529.342,0.165,9
529.541,0.165,9
529.747,0.165,9
529.944,0.166,9
530.156,0.166,9
530.352,0.166,9
530.554,0.166,9
530.756,0.166,9
530.967,0.166,9
531.170,0.166,9
531.366,0.167,9
531.568,0.167,9
531.780,0.167,9
531.976,0.167,9
532.186,0.168,9
532.385,0.168,9
532.591,0.168,9
532.789,0.168,9
532.999,0.168,9
533.195,0.168,9
533.404,0.168,9
533.603,0.168,9
533.805,0.168,9
534.007,0.168,9
534.215,0.168,9
534.415,0.169,9
534.623,0.169,9
534.820,0.169,9
535.028,0.169,9
535.225,0.169,9
535.435,0.169,9
535.633,0.169,9
535.841,0.169,9
536.040,0.169,9
536.250,0.169,9
536.444,0.169,9
536.656,0.168,9
536.855,0.168,9
537.058,0.168,9
537.260,0.168,9
537.465,0.168,9
537.667,0.168,9
537.874,0.168,9
538.069,0.168,9
538.278,0.168,9
538.480,0.168,9
538.687,0.167,9
538.885,0.167,9
539.091,0.167,9
539.289,0.166,9
539.491,0.166,9
539.693,0.166,9
539.903,0.166,9
540.101,0.166,9
540.310,0.165,9
540.508,0.165,9
540.715,0.165,9
540.918,0.165,9
541.115,0.164,9
541.321,0.164,9
541.530,0.163,10
541.726,0.163,10
541.928,0.163,10
542.132,0.162,10
542.343,0.162,10
542.545,0.162,10
542.740,0.162,10
542.944,0.162,10
543.156,0.161,10
543.355,0.161,10
543.562,0.160,10
543.756,0.160,10
543.966,0.160,10
544.168,0.159,10
544.374,0.159,10
544.569,0.159,10
544.777,0.158,10
544.978,0.157,10
545.180,0.157,10
545.382,0.157,10
545.590,0.156,10
545.787,0.156,10
545.998,0.156,10
546.195,0.155,10
546.407,0.154,10
546.602,0.154,10
546.809,0.153,10
547.009,0.153,10
547.216,0.153,10
547.415,0.152,10
547.615,0.151,10
547.820,0.151,10
548.028,0.151,10
548.225,0.150,10
548.434,0.150,10
548.634,0.149,10
548.842,0.148,10
549.041,0.148,10
549.249,0.148,10
549.445,0.147,10
549.655,0.147,10
549.854,0.146,10
550.060,0.146,10
550.259,0.145,10
550.468,0.145,10
550.664,0.144,10
550.872,0.144,10
551.072,0.143,10
551.272,0.143,10
551.478,0.142,10
551.678,0.142,10
551.883,0.141,10
552.090,0.141,10
552.289,0.141,10
552.500,0.140,10
552.695,0.140,10
552.905,0.139,10
553.103,0.139,10
553.310,0.138,10
553.507,0.138,10
553.715,0.138,10
553.920,0.137,10
554.115,0.137,10
554.322,0.136,10
554.521,0.136,10
554.728,0.135,10
554.936,0.135,10
555.135,0.135,10
555.340,0.134,10
555.543,0.134,10
555.740,0.133,10
555.944,0.133,10
556.153,0.133,10
556.352,0.133,10
556.557,0.132,10
556.757,0.132,10
556.959,0.132,10
557.164,0.132,10
557.374,0.131,10
557.571,0.131,10
557.778,0.130,10
557.978,0.130,10
558.185,0.130,10
558.385,0.130,10
558.589,0.130,10
558.791,0.129,10
559.000,0.129,10
559.195,0.129,10
559.403,0.129,10
559.601,0.129,10
559.807,0.128,10
560.009,0.128,10
560.215,0.127,10
560.412,0.127,10
560.624,0.127,10
560.821,0.127,10
561.021,0.126,10
561.229,0.126,10
561.437,0.126,10
561.635,0.126,10
561.842,0.125,10
562.041,0.125,10
562.247,0.125,10
562.445,0.124,10
562.647,0.124,10
562.854,0.124,10
563.063,0.124,10
563.259,0.123,10
563.466,0.123,10
563.668,0.123,10
563.866,0.123,10
564.071,0.122,10
564.277,0.122,10
564.477,0.122,10
564.685,0.121,10
564.882,0.121,10
565.092,0.121,10
565.294,0.121,10
565.493,0.120,10
565.695,0.120,10
565.907,0.120,10
566.103,0.120,10
566.303,0.120,10
566.510,0.119,10
566.716,0.119,10
566.913,0.119,10
567.123,0.118,10
567.318,0.118,10
567.529,0.118,10
567.728,0.118,10
567.930,0.118,10
568.135,0.118,10
568.340,0.117,10
568.540,0.117,10
568.749,0.117,10
568.946,0.117,10
569.153,0.117,10
569.352,0.117,10
569.559,0.116,10
569.760,0.116,10
569.965,0.116,10
570.166,0.116,10
570.374,0.115,10
570.572,0.115,10
570.778,0.115,10
570.976,0.115,10
571.181,0.115,10
571.385,0.115,10
571.590,0.115,10
571.793,0.115,10
571.997,0.115,10
572.196,0.114,10
572.406,0.114,10
572.603,0.114,10
572.811,0.114,10
573.010,0.114,10
573.214,0.114,10
573.413,0.114,10
573.623,0.114,10
573.820,0.114,10
574.023,0.114,10
574.228,0.113,10
574.428,0.113,10
574.635,0.113,10
574.841,0.113,10
575.041,0.113,10
575.250,0.113,10
575.444,0.113,10
575.656,0.112,10
575.854,0.112,10
576.059,0.112,10
576.255,0.112,10
576.466,0.112,10
576.670,0.112,10
576.866,0.112,10
577.072,0.112,10
577.280,0.112,10
577.479,0.112,10
577.677,0.112,10
577.882,0.112,10
578.091,0.112,10
578.289,0.111,10
578.499,0.111,10
578.697,0.111,10
578.896,0.111,10
579.102,0.111,10
579.306,0.111,10
579.507,0.111,10
579.713,0.111,10
579.916,0.111,10
580.124,0.111,10
580.318,0.111,10
580.528,0.111,10
580.729,0.111,10
580.935,0.111,10
581.135,0.111,10
581.341,0.111,10
581.538,0.111,10
581.749,0.111,10
581.945,0.110,10
582.153,0.110,10
582.349,0.110,10
582.557,0.110,10
582.758,0.110,10
582.966,0.110,10
583.164,0.110,10
583.375,0.110,10
583.571,0.110,10
583.780,0.110,10
583.980,0.110,10
584.186,0.110,10
584.380,0.110,10
584.591,0.110,10
584.794,0.110,10
584.994,0.109,10
585.195,0.110,10
585.398,0.109,10
585.605,0.109,10
585.811,0.109,10
586.007,0.109,10
586.215,0.109,10
586.414,0.109,10
586.617,0.109,10
586.822,0.109,10
587.031,0.109,10
587.232,0.109,10
587.438,0.109,10
587.634,0.109,10
587.843,0.109,10
588.043,0.109,10
588.247,0.109,10
588.443,0.109,10
588.646,0.109,10
588.853,0.109,10
589.053,0.109,10
589.256,0.109,10
589.466,0.109,10
589.663,0.109,10
589.865,0.108,10
590.070,0.108,10
590.281,0.108,10
590.478,0.108,10
590.681,0.108,10
590.885,0.108,10
591.090,0.108,10
591.291,0.108,10
591.496,0.108,10
591.694,0.108,10
591.903,0.108,10
592.100,0.108,10
592.310,0.108,10
592.508,0.108,10
592.717,0.108,10
592.914,0.108,10
593.124,0.108,10
593.318,0.108,10
593.528,0.108,10
593.732,0.108,10
593.931,0.108,10
594.135,0.108,10
594.340,0.108,10
594.541,0.108,10
594.750,0.108,10
594.944,0.108,10
595.152,0.108,10
595.355,0.108,10
595.562,0.108,10
595.760,0.108,10
595.968,0.108,10
596.165,0.108,10
596.373,0.108,10
596.569,0.108,10
596.772,0.108,10
596.977,0.108,10
597.178,0.108,10
597.385,0.108,10
597.591,0.108,10
597.791,0.108,10
597.991,0.108,10
598.194,0.108,10
598.403,0.108,10
598.603,0.108,10
598.804,0.108,10
599.007,0.108,10
599.217,0.108,10
599.419,0.108,10
599.617,0.108,10
599.819,0.108,10
600.032,0.108,10
600.226,0.108,10
600.429,0.108,10
600.635,0.108,10
600.844,0.108,10
601.043,0.108,10
601.249,0.108,10
601.447,0.108,10
601.653,0.108,11
601.852,0.108,11
602.057,0.108,11
602.260,0.108,11
602.459,0.108,11
602.668,0.108,11
602.873,0.108,11
603.069,0.108,11
603.271,0.108,11
603.478,0.108,11
603.685,0.108,11
603.881,0.108,11
604.091,0.108,11
604.291,0.108,11
604.500,0.108,11
604.695,0.108,11
604.906,0.108,11
605.099,0.108,11
605.306,0.108,11
605.508,0.108,11
605.715,0.108,11
605.917,0.108,11
606.123,0.108,11
606.321,0.108,11
606.531,0.108,11
606.731,0.108,11
606.937,0.108,11
607.135,0.108,11
607.343,0.107,11
607.540,0.107,11
607.747,0.107,11
607.946,0.107,11
608.151,0.107,11
608.351,0.107,11
608.562,0.107,11
608.758,0.107,11
608.967,0.108,11
609.168,0.108,11
609.376,0.108,11
609.569,0.108,11
609.781,0.108,11
609.978,0.108,11
610.186,0.108,11
610.383,0.108,11
610.593,0.107,11
610.795,0.107,11
610.992,0.107,11
611.195,0.107,11
611.403,0.107,11
611.602,0.107,11
611.812,0.107,11
612.006,0.107,11
612.216,0.107,11
612.419,0.107,11
612.624,0.107,11
612.818,0.107,11
613.029,0.107,11
613.226,0.107,11
613.431,0.107,11
613.634,0.106,11
613.835,0.106,11
614.040,0.106,11
614.241,0.106,11
614.443,0.106,11
614.646,0.106,11
614.853,0.106,11
615.060,0.106,11
615.255,0.106,11
615.465,0.106,11
615.664,0.106,11
615.865,0.106,11
616.071,0.106,11
616.279,0.106,11
616.476,0.106,11
616.682,0.106,11
616.881,0.106,11
617.092,0.106,11
617.292,0.106,11
617.499,0.106,11
617.695,0.106,11
617.907,0.106,11
618.104,0.106,11
618.310,0.106,11
618.508,0.106,11
618.717,0.105,11
618.917,0.105,11
619.119,0.105,11
619.319,0.105,11
619.528,0.105,11
619.728,0.105,11
619.929,0.105,11
620.134,0.105,11
620.341,0.105,11
620.540,0.105,11
620.740,0.105,11
620.944,0.105,11
621.156,0.105,11
621.352,0.104,11
621.560,0.104,11
621.756,0.104,11
621.968,0.104,11
622.171,0.104,11
622.368,0.104,11
622.570,0.104,11
622.777,0.104,11
622.978,0.103,11
623.188,0.103,11
623.381,0.103,11
623.592,0.103,11
623.787,0.103,11
624.001,0.103,11
624.196,0.103,11
624.405,0.103,11
624.603,0.103,11
624.806,0.103,11
625.006,0.103,11
625.215,0.102,11
625.416,0.102,11
625.625,0.102,11
625.821,0.102,11
626.030,0.102,11
626.227,0.102,11
626.437,0.102,11
626.631,0.102,11
626.843,0.102,11
627.040,0.102,11
627.249,0.102,11
627.447,0.102,11
627.652,0.102,11
627.856,0.101,11
628.058,0.101,11
628.259,0.101,11
628.467,0.101,11
628.665,0.101,11
628.873,0.101,11
629.068,0.101,11
629.281,0.100,11
629.481,0.100,11
629.686,0.100,11
629.883,0.100,11
630.092,0.100,11
630.288,0.100,11
630.492,0.100,11
630.693,0.100,11
630.899,0.100,11
631.103,0.100,11
631.304,0.099,11
631.506,0.099,11
631.716,0.099,11
631.917,0.099,11
632.116,0.099,11
632.319,0.099,11
632.531,0.099,11
632.728,0.099,11
632.929,0.099,11
633.131,0.099,11
633.342,0.098,11
633.544,0.098,11
633.746,0.098,11
633.945,0.098,11
634.156,0.098,11
634.351,0.098,11
634.563,0.097,11
634.756,0.097,11
634.968,0.097,11
635.163,0.097,11
635.365,0.097,11
635.571,0.097,11
635.780,0.097,11
635.977,0.097,11
636.184,0.097,11
636.381,0.097,11
636.589,0.097,11
636.791,0.096,11
636.999,0.096,11
637.194,0.097,11
637.402,0.097,11
637.603,0.096,11
637.809,0.096,11
638.009,0.096,11
638.215,0.096,11
638.415,0.096,11
638.625,0.096,11
638.819,0.096,11
639.031,0.096,11
639.231,0.095,11
639.432,0.095,11
639.631,0.095,11
639.842,0.095,11
640.038,0.095,11
640.250,0.095,11
640.443,0.094,11
640.655,0.094,11
640.854,0.094,11
641.062,0.094,11
641.260,0.094,11
641.468,0.094,11
641.664,0.094,11
641.868,0.094,11
642.070,0.094,11
642.272,0.094,11
642.477,0.094,11
642.686,0.094,11
642.885,0.094,11
643.091,0.094,11
643.293,0.094,11
643.496,0.094,11
643.696,0.094,11
643.904,0.094,11
644.102,0.094,11
644.311,0.093,11
644.507,0.093,11
644.715,0.093,11
644.920,0.093,11
645.117,0.093,11
645.319,0.093,11
645.532,0.093,11
645.726,0.093,11
645.938,0.093,11
646.135,0.093,11
646.342,0.093,11
646.537,0.093,11
646.749,0.093,11
646.945,0.092,11
647.153,0.092,11
647.351,0.092,11
647.557,0.092,11
647.756,0.092,11
647.964,0.092,11
648.167,0.092,11
648.375,0.092,11
648.569,0.092,11
648.778,0.092,11
648.978,0.092,11
649.188,0.092,11
649.385,0.092,11
649.590,0.091,11
649.792,0.092,11
649.999,0.092,11
650.195,0.091,11
650.403,0.091,11
650.605,0.091,11
650.807,0.091,11
651.009,0.091,11
651.215,0.091,11
651.418,0.091,11
651.622,0.091,11
651.818,0.091,11
652.031,0.091,11
652.225,0.091,11
652.437,0.091,11
652.632,0.091,11
652.843,0.091,11
653.039,0.091,11
653.243,0.091,11
653.446,0.091,11
653.649,0.091,11
653.852,0.091,11
654.062,0.091,11
654.260,0.091,11
654.465,0.091,11
654.666,0.091,11
654.865,0.090,11
655.070,0.090,11
655.279,0.091,11
655.476,0.091,11
655.686,0.090,11
655.883,0.090,11
656.092,0.090,11
656.295,0.090,11
656.491,0.090,11
656.694,0.090,11
656.896,0.090,11
657.102,0.090,11
657.304,0.090,11
657.506,0.090,11
657.717,0.090,11
657.914,0.090,11
658.125,0.090,11
658.321,0.090,11
658.529,0.090,11
658.726,0.090,11
658.931,0.090,11
659.135,0.090,11
659.336,0.090,11
659.542,0.090,11
659.749,0.090,11
659.945,0.090,11
660.153,0.090,11
660.354,0.090,11
660.554,0.090,11
660.756,0.090,11
660.965,0.090,11
661.164,0.089,11
661.375,0.089,11
661.571,0.089,12
661.778,0.089,12
661.975,0.089,12
662.181,0.089,12
662.383,0.089,12
662.591,0.089,12
662.788,0.089,12
663.000,0.089,12
663.193,0.089,12
663.407,0.089,12
663.600,0.089,12
663.812,0.089,12
664.006,0.089,12
664.216,0.089,12
664.414,0.089,12
664.616,0.089,12
664.818,0.089,12
665.023,0.089,12
665.227,0.089,12
665.435,0.089,12
665.633,0.089,12
665.842,0.089,12
666.041,0.089,12
666.242,0.089,12
666.446,0.089,12
666.656,0.089,12
666.854,0.089,12
667.061,0.089,12
667.257,0.088,12
667.467,0.088,12
667.670,0.088,12
667.866,0.088,12
668.071,0.088,12
668.280,0.088,12
668.479,0.088,12
668.677,0.088,12
668.882,0.088,12
669.091,0.088,12
669.289,0.088,12
669.490,0.088,12
669.695,0.088,12
669.904,0.088,12
670.103,0.088,12
670.305,0.088,12
670.509,0.088,12
670.714,0.088,12
670.916,0.088,12
671.124,0.088,12
671.319,0.088,12
671.529,0.088,12
671.727,0.088,12
671.929,0.088,12
672.134,0.088,12
672.341,0.088,12
672.543,0.088,12
672.747,0.088,12
672.943,0.088,12
673.154,0.088,12
673.351,0.088,12
673.558,0.088,12
673.760,0.088,12
673.968,0.087,12
674.164,0.088,12
674.365,0.087,12
674.571,0.087,12
674.782,0.087,12
674.980,0.087,12
675.186,0.087,12
675.385,0.087,12
675.592,0.087,12
675.789,0.087,12
675.993,0.087,12
676.194,0.087,12
676.399,0.087,12
676.602,0.087,12
676.804,0.087,12
677.007,0.087,12
677.214,0.087,12
677.416,0.087,12
677.621,0.087,12
677.819,0.087,12
678.030,0.087,12
678.227,0.087,12
678.435,0.087,12
678.631,0.087,12
678.842,0.087,12
679.037,0.087,12
679.240,0.087,12
679.445,0.087,12
679.655,0.087,12
679.854,0.087,12
680.054,0.087,12
680.256,0.087,12
680.467,0.087,12
680.667,0.086,12
680.866,0.086,12
681.070,0.086,12
681.280,0.086,12
681.479,0.086,12
681.681,0.086,12
681.882,0.086,12
682.089,0.086,12
682.290,0.086,12
682.497,0.086,12
682.694,0.086,12
682.901,0.086,12
683.103,0.086,12
683.309,0.086,12
683.506,0.086,12
683.715,0.086,12
683.915,0.086,12
684.115,0.086,12
684.318,0.086,12
684.521,0.086,12
684.731,0.086,12
684.932,0.086,12
685.133,0.086,12
685.343,0.086,12
685.540,0.086,12
685.750,0.085,12
685.946,0.085,12
686.154,0.085,12
686.356,0.085,12
686.560,0.085,12
686.759,0.085,12
686.968,0.085,12
687.164,0.085,12
687.371,0.085,12
687.570,0.085,12
687.772,0.085,12
687.976,0.085,12
688.178,0.085,12
688.382,0.085,12
688.594,0.085,12
688.791,0.085,12
688.991,0.085,12
689.197,0.085,12
689.405,0.085,12
689.604,0.085,12
689.804,0.085,12
690.007,0.085,12
690.216,0.085,12
690.420,0.085,12
690.616,0.085,12
690.818,0.085,12
691.030,0.085,12
691.229,0.085,12
691.428,0.085,12
691.632,0.085,12
691.840,0.085,12
692.038,0.085,12
692.248,0.085,12
692.444,0.085,12
692.654,0.085,12
692.851,0.085,12
693.056,0.085,12
693.258,0.085,12
693.464,0.085,12
693.665,0.085,12
693.873,0.084,12
694.071,0.084,12
694.278,0.084,12
694.477,0.084,12
694.679,0.084,12
694.885,0.084,12
695.091,0.085,12
695.289,0.084,12
695.500,0.084,12
695.696,0.085,12
695.896,0.084,12
696.100,0.084,12
696.305,0.084,12
696.509,0.084,12
696.716,0.084,12
696.915,0.084,12
697.115,0.084,12
697.320,0.084,12
697.530,0.084,12
697.731,0.084,12
697.937,0.084,12
698.133,0.084,12
698.343,0.084,12
698.538,0.084,12
698.742,0.084,12
698.946,0.084,12
699.149,0.084,12
699.352,0.084,12
699.554,0.084,12
699.757,0.084,12
699.968,0.084,12
700.168,0.084,12
700.371,0.084,12
700.570,0.084,12
700.781,0.084,12
700.979,0.084,12
701.187,0.084,12
701.383,0.084,12
701.593,0.084,12
701.796,0.084,12
701.996,0.084,12
702.195,0.084,12
702.406,0.084,12
702.600,0.084,12
702.813,0.084,12
703.006,0.084,12
703.218,0.084,12
703.417,0.084,12
703.622,0.084,12
703.818,0.084,12
704.029,0.084,12
704.229,0.084,12
704.428,0.084,12
704.632,0.083,12
704.840,0.083,12
705.043,0.083,12
705.251,0.083,12
705.446,0.083,12
705.653,0.083,12
705.851,0.083,12
706.061,0.083,12
706.258,0.083,12
706.468,0.083,12
706.664,0.083,12
706.873,0.083,12
707.070,0.083,12
707.282,0.083,12
707.476,0.083,12
707.681,0.083,12
707.880,0.083,12
708.091,0.083,12
708.288,0.083,12
708.490,0.083,12
708.693,0.083,12
708.907,0.083,12
709.100,0.083,12
709.303,0.083,12
709.507,0.083,12
709.714,0.083,12
709.915,0.083,12
710.118,0.083,12
710.318,0.083,12
710.528,0.084,12
710.725,0.083,12
710.935,0.083,12
711.133,0.083,12
711.342,0.083,12
711.541,0.083,12
711.746,0.083,12
711.945,0.082,12
712.146,0.083,12
712.351,0.082,12
712.553,0.082,12
712.757,0.082,12
712.968,0.082,12
713.170,0.082,12
713.365,0.082,12
713.571,0.082,12
713.779,0.082,12
713.978,0.082,12
714.188,0.082,12
714.385,0.082,12
714.592,0.082,12
714.787,0.082,12
714.997,0.082,12
715.195,0.082,12
715.402,0.082,12
715.603,0.082,12
715.809,0.082,12
716.009,0.082,12
716.210,0.082,12
716.415,0.082,12
716.616,0.082,12
716.821,0.082,12
717.032,0.082,12
717.227,0.082,12
717.429,0.082,12
717.635,0.082,12
717.836,0.082,12
718.040,0.082,12
718.250,0.082,12
718.446,0.082,12
718.654,0.082,12
718.851,0.082,12
719.054,0.082,12
719.259,0.082,12
719.466,0.082,12
719.665,0.082,12
719.874,0.082,12
720.069,0.082,12
720.281,0.082,12
720.480,0.082,12
720.686,0.082,12
720.883,0.082,12
721.090,0.082,12
721.293,0.082,12
721.497,0.081,13
721.697,0.081,13
721.897,0.081,13
722.104,0.081,13
722.303,0.081,13
722.508,0.081,13
722.716,0.082,13
722.916,0.082,13
723.123,0.082,13
723.321,0.082,13
723.530,0.081,13
723.726,0.082,13
723.937,0.082,13
724.132,0.082,13
724.342,0.082,13
724.544,0.082,13
724.741,0.082,13
724.945,0.082,13
725.157,0.081,13
725.352,0.081,13
725.554,0.081,13
725.756,0.082,13
725.966,0.082,13
726.167,0.082,13
726.376,0.082,13
726.569,0.082,13
726.779,0.082,13
726.977,0.082,13
727.180,0.082,13
727.385,0.082,13
727.590,0.082,13
727.793,0.082,13
727.998,0.081,13
728.195,0.081,13
728.404,0.081,13
728.602,0.081,13
728.808,0.081,13
729.006,0.081,13
729.214,0.081,13
729.414,0.082,13
729.625,0.082,13
729.820,0.082,13
730.032,0.082,13
730.224,0.082,13
730.430,0.081,13
730.634,0.081,13
730.842,0.081,13
731.038,0.081,13
731.248,0.081,13
731.447,0.081,13
731.656,0.081,13
731.855,0.081,13
732.060,0.081,13
732.259,0.081,13
732.467,0.081,13
732.663,0.081,13
732.867,0.081,13
733.069,0.081,13
733.274,0.081,13
733.476,0.081,13
733.686,0.081,13
733.884,0.081,13
734.093,0.081,13
734.293,0.081,13
734.491,0.081,13
734.696,0.081,13
734.905,0.081,13
735.101,0.081,13
735.313,0.081,13
735.507,0.081,13
735.716,0.081,13
735.920,0.081,13
736.115,0.081,13
736.318,0.081,13
736.528,0.081,13
736.726,0.081,13
736.937,0.081,13
737.131,0.081,13
737.343,0.081,13
737.543,0.081,13
737.740,0.081,13
737.943,0.081,13
738.153,0.081,13
738.352,0.081,13
738.555,0.081,13
738.756,0.081,13
738.959,0.081,13
739.168,0.081,13
739.375,0.081,13
739.569,0.081,13
739.781,0.080,13
739.979,0.080,13
740.186,0.080,13
740.385,0.080,13
740.591,0.080,13
740.789,0.080,13
741.000,0.080,13
741.196,0.080,13
741.404,0.080,13
741.606,0.080,13
741.807,0.080,13
742.008,0.080,13
742.216,0.080,13
742.417,0.080,13
742.622,0.080,13
742.820,0.080,13
743.030,0.080,13
743.229,0.080,13
743.436,0.080,13
743.631,0.080,13
743.840,0.080,13
744.043,0.080,13
744.247,0.081,13
744.446,0.081,13
744.646,0.081,13
744.854,0.080,13
745.054,0.080,13
745.259,0.080,13
745.466,0.080,13
745.664,0.080,13
745.865,0.080,13
746.070,0.080,13
746.280,0.080,13
746.478,0.080,13
746.686,0.080,13
746.881,0.080,13
747.089,0.080,13
747.293,0.081,13
747.490,0.081,13
747.694,0.081,13
747.903,0.080,13
748.104,0.080,13
748.304,0.080,13
748.508,0.080,13
748.716,0.080,13
748.913,0.081,13
749.116,0.080,13
749.320,0.081,13
749.531,0.081,13
749.727,0.081,13
749.931,0.081,13
750.132,0.081,13
750.335,0.081,13
750.542,0.081,13
750.740,0.080,13
750.945,0.080,13
751.153,0.080,13
751.353,0.080,13
751.553,0.080,13
751.757,0.080,13
751.966,0.080,13
752.164,0.080,13
752.365,0.080,13
752.570,0.080,13
752.777,0.080,13
752.975,0.080,13
753.182,0.080,13
753.384,0.080,13
753.590,0.080,13
753.789,0.080,13
753.998,0.080,13
754.194,0.081,13
754.403,0.081,13
754.606,0.081,13
754.812,0.080,13
755.010,0.080,13
755.216,0.080,13
755.418,0.080,13
755.617,0.079,13
755.818,0.079,13
756.027,0.080,13
756.228,0.080,13
756.437,0.080,13
756.635,0.080,13
756.841,0.080,13
757.040,0.079,13
757.241,0.079,13
757.444,0.079,13
757.657,0.079,13
757.854,0.080,13
758.062,0.080,13
758.258,0.080,13
758.468,0.079,13
758.671,0.079,13
758.867,0.079,13
759.069,0.079,13
759.281,0.079,13
759.477,0.079,13
759.678,0.079,13
759.881,0.079,13
760.094,0.079,13
760.292,0.079,13
760.491,0.079,13
760.695,0.079,13
760.904,0.079,13
761.103,0.079,13
761.305,0.079,13
761.506,0.079,13
761.709,0.079,13
761.915,0.079,13
762.115,0.079,13
762.320,0.079,13
762.531,0.079,13
762.729,0.079,13
762.933,0.079,13
763.130,0.078,13
763.342,0.078,13
763.539,0.078,13
763.751,0.079,13
763.943,0.079,13
764.153,0.079,13
764.351,0.079,13
764.557,0.079,13
764.760,0.079,13
764.967,0.079,13
765.168,0.079,13
765.365,0.079,13
765.572,0.079,13
765.771,0.079,13
765.980,0.079,13
766.187,0.079,13
766.383,0.079,13
766.593,0.079,13
766.789,0.079,13
766.992,0.079,13
767.193,0.079,13
767.398,0.078,13
767.601,0.078,13
767.804,0.079,13
768.007,0.079,13
768.217,0.078,13
768.416,0.078,13
768.624,0.078,13
768.819,0.078,13
769.030,0.078,13
769.228,0.078,13
769.436,0.078,13
769.631,0.078,13
769.843,0.078,13
770.046,0.078,13
770.242,0.078,13
770.444,0.078,13
770.655,0.078,13
770.852,0.078,13
771.063,0.078,13
771.256,0.078,13
771.466,0.078,13
771.662,0.078,13
771.875,0.078,13
772.068,0.078,13
772.278,0.078,13
772.477,0.078,13
772.681,0.078,13
772.882,0.078,13
773.089,0.078,13
773.293,0.078,13
773.497,0.078,13
773.695,0.078,13
773.905,0.078,13
774.100,0.078,13
774.309,0.078,13
774.508,0.078,13
774.719,0.078,13
774.917,0.079,13
775.125,0.079,13
775.321,0.079,13
775.527,0.079,13
775.725,0.079,13
775.929,0.079,13
776.134,0.078,13
776.342,0.078,13
776.543,0.078,13
776.747,0.078,13
776.947,0.078,13
777.156,0.078,13
777.354,0.078,13
777.561,0.078,13
777.760,0.078,13
777.968,0.078,13
778.163,0.078,13
778.372,0.078,13
778.569,0.078,13
778.773,0.078,13
778.979,0.078,13
779.178,0.078,13
779.380,0.078,13
779.591,0.078,13
779.788,0.078,13
779.992,0.078,13
780.194,0.078,13
780.407,0.078,13
780.603,0.078,13
780.813,0.078,13
781.006,0.078,13
781.216,0.078,13
781.412,0.078,13
781.621,0.079,14
781.821,0.079,14
782.031,0.079,14
782.229,0.078,14
782.435,0.078,14
782.632,0.078,14
782.840,0.078,14
783.037,0.078,14
783.248,0.078,14
783.445,0.078,14
783.652,0.078,14
783.852,0.078,14
784.058,0.078,14
784.257,0.078,14
784.460,0.078,14
784.668,0.078,14
784.866,0.078,14
785.071,0.078,14
785.277,0.078,14
785.478,0.078,14
785.685,0.078,14
785.884,0.078,14
786.092,0.078,14
786.291,0.078,14
786.500,0.078,14
786.697,0.078,14
786.896,0.078,14
787.101,0.078,14
787.306,0.078,14
787.508,0.078,14
787.715,0.078,14
787.915,0.079,14
788.125,0.081,14
788.320,0.082,14
788.531,0.082,14
788.730,0.082,14
788.935,0.082,14
789.133,0.082,14
789.341,0.082,14
789.542,0.081,14
789.748,0.081,14
789.945,0.081,14
790.147,0.081,14
790.351,0.080,14
790.562,0.080,14
790.757,0.079,14
790.967,0.079,14
791.166,0.079,14
791.365,0.078,14
791.568,0.078,14
791.781,0.078,14
791.979,0.078,14
792.187,0.078,14
792.382,0.078,14
792.593,0.078,14
792.793,0.077,14
792.991,0.077,14
793.194,0.078,14
793.401,0.078,14
793.601,0.077,14
793.811,0.077,14
794.010,0.077,14
794.216,0.077,14
794.412,0.078,14
794.625,0.078,14
794.818,0.078,14
795.028,0.078,14
795.228,0.078,14
795.430,0.078,14
795.635,0.078,14
795.834,0.078,14
796.040,0.079,14
796.250,0.079,14
796.446,0.079,14
796.653,0.079,14
796.851,0.079,14
797.060,0.078,14
797.259,0.078,14
797.468,0.077,14
797.663,0.077,14
797.876,0.078,14
798.069,0.077,14
798.278,0.077,14
798.475,0.077,14
798.683,0.077,14
798.885,0.077,14
799.090,0.078,14
799.289,0.078,14
799.500,0.077,14
799.694,0.077,14
799.902,0.077,14
800.106,0.077,14
800.312,0.077,14
800.508,0.077,14
800.715,0.077,14
800.913,0.077,14
801.121,0.077,14
801.319,0.077,14
801.527,0.077,14
801.727,0.077,14
801.935,0.077,14
802.135,0.077,14
802.342,0.077,14
802.540,0.077,14
802.751,0.077,14
802.944,0.077,14
803.155,0.077,14
803.352,0.078,14
803.553,0.078,14
803.757,0.077,14
803.968,0.077,14
804.169,0.078,14
804.365,0.078,14
804.571,0.077,14
804.779,0.077,14
804.977,0.077,14
805.179,0.077,14
805.382,0.078,14
805.591,0.078,14
805.787,0.079,14
806.000,0.080,14
806.194,0.080,14
806.404,0.080,14
806.603,0.080,14
806.806,0.079,14
807.006,0.079,14
807.214,0.079,14
807.415,0.079,14
807.624,0.078,14
807.820,0.078,14
808.031,0.078,14
808.228,0.078,14
808.427,0.078,14
808.635,0.078,14
808.843,0.078,14
809.041,0.078,14
809.247,0.077,14
809.445,0.077,14
809.656,0.077,14
809.851,0.077,14
810.058,0.077,14
810.260,0.076,14
810.466,0.076,14
810.668,0.076,14
810.874,0.076,14
811.068,0.076,14
811.278,0.077,14
811.481,0.077,14
811.684,0.077,14
811.884,0.078,14
812.091,0.078,14
812.293,0.077,14
812.492,0.077,14
812.695,0.076,14
812.898,0.077,14
813.103,0.077,14
813.304,0.077,14
813.508,0.077,14
813.718,0.077,14
813.913,0.077,14
814.115,0.077,14
814.318,0.077,14
814.527,0.077,14
814.725,0.077,14
814.934,0.078,14
815.133,0.078,14
815.343,0.078,14
815.545,0.078,14
815.742,0.078,14
815.946,0.078,14
816.156,0.077,14
816.352,0.077,14
816.562,0.077,14
816.760,0.077,14
816.967,0.077,14
817.167,0.077,14
817.373,0.077,14
817.568,0.076,14
817.780,0.076,14
817.976,0.076,14
818.181,0.076,14
818.382,0.076,14
818.589,0.077,14
818.790,0.077,14
818.998,0.077,14
819.196,0.077,14
819.403,0.077,14
819.602,0.077,14
819.804,0.077,14
820.009,0.077,14
820.216,0.077,14
820.414,0.078,14
820.625,0.077,14
820.821,0.077,14
821.029,0.077,14
821.226,0.077,14
821.434,0.077,14
821.634,0.077,14
821.842,0.077,14
822.038,0.077,14
822.249,0.076,14
822.445,0.076,14
822.655,0.076,14
822.856,0.076,14
823.061,0.076,14
823.257,0.076,14
823.468,0.076,14
823.663,0.076,14
823.868,0.076,14
824.069,0.077,14
824.272,0.077,14
824.477,0.077,14
824.679,0.077,14
824.883,0.077,14
825.093,0.077,14
825.293,0.078,14
825.490,0.078,14
825.694,0.078,14
825.907,0.078,14
826.104,0.078,14
826.312,0.078,14
826.507,0.078,14
826.718,0.077,14
826.913,0.077,14
827.122,0.077,14
827.319,0.077,14
827.529,0.077,14
827.725,0.077,14
827.938,0.077,14
828.130,0.077,14
828.340,0.077,14
828.541,0.078,14
828.748,0.077,14
828.944,0.077,14
829.153,0.077,14
829.351,0.077,14
829.560,0.077,14
829.760,0.077,14
829.959,0.077,14
830.167,0.077,14
830.375,0.077,14
830.570,0.077,14
830.779,0.077,14
830.978,0.078,14
831.184,0.078,14
831.383,0.078,14
831.591,0.078,14
831.791,0.078,14
832.000,0.078,14
832.197,0.077,14
832.404,0.077,14
832.601,0.077,14
832.809,0.077,14
833.010,0.077,14
833.217,0.077,14
833.414,0.077,14
833.623,0.077,14
833.822,0.078,14
834.021,0.077,14
834.225,0.077,14
834.436,0.077,14
834.632,0.077,14
834.843,0.077,14
835.042,0.077,14
835.247,0.077,14
835.445,0.077,14
835.647,0.078,14
835.851,0.078,14
836.053,0.078,14
836.260,0.078,14
836.468,0.078,14
836.666,0.078,14
836.872,0.078,14
837.069,0.078,14
837.279,0.078,14
837.476,0.078,14
837.686,0.078,14
837.883,0.078,14
838.090,0.078,14
838.294,0.077,14
838.492,0.077,14
838.695,0.077,14
838.906,0.077,14
839.103,0.077,14
839.303,0.077,14
839.509,0.077,14
839.717,0.077,14
839.916,0.077,14
840.115,0.077,14
840.319,0.077,14
840.530,0.077,14
840.729,0.077,14
840.931,0.077,14
841.135,0.077,14
841.337,0.077,14
841.543,0.076,15
841.749,0.077,15
841.943,0.077,15
842.154,0.077,15
842.354,0.077,15
842.562,0.077,15
842.758,0.077,15
842.967,0.077,15
843.164,0.077,15
843.375,0.077,15
843.571,0.076,15
843.778,0.076,15
843.975,0.076,15
844.181,0.076,15
844.385,0.076,15
844.590,0.077,15
844.790,0.077,15
844.990,0.077,15
845.193,0.077,15
845.407,0.078,15
845.604,0.078,15
845.811,0.078,15
846.009,0.078,15
846.217,0.078,15
846.418,0.078,15
846.622,0.078,15
846.821,0.078,15
847.023,0.077,15
847.225,0.077,15
847.429,0.077,15
847.633,0.078,15
847.840,0.078,15
848.041,0.078,15
848.240,0.077,15
848.446,0.077,15
848.657,0.077,15
848.854,0.077,15
849.053,0.077,15
849.256,0.077,15
849.466,0.077,15
849.669,0.077,15
849.865,0.077,15
850.070,0.077,15
850.280,0.078,15
850.479,0.078,15
850.687,0.078,15
850.882,0.077,15
851.093,0.077,15
851.287,0.077,15
851.499,0.077,15
851.696,0.077,15
851.904,0.077,15
852.101,0.077,15
852.305,0.078,15
852.508,0.078,15
852.715,0.077,15
852.916,0.078,15
853.122,0.078,15
853.319,0.078,15
853.526,0.078,15
853.728,0.078,15
853.936,0.078,15
854.135,0.078,15
854.344,0.078,15
854.540,0.077,15
854.741,0.077,15
854.944,0.077,15
855.155,0.077,15
855.357,0.077,15
855.556,0.077,15
855.760,0.077,15
855.968,0.077,15
856.168,0.077,15
856.374,0.077,15
856.569,0.077,15
856.781,0.077,15
856.979,0.077,15
857.187,0.077,15
857.384,0.077,15
857.590,0.077,15
857.788,0.077,15
857.997,0.077,15
858.195,0.077,15
858.399,0.077,15
858.601,0.077,15
858.804,0.077,15
859.010,0.077,15
859.218,0.078,15
859.418,0.078,15
859.617,0.077,15
859.818,0.077,15
860.031,0.077,15
860.226,0.077,15
860.427,0.077,15
860.633,0.077,15
860.840,0.078,15
861.046,0.077,15
861.240,0.077,15
861.445,0.077,15
861.655,0.077,15
861.855,0.077,15
862.054,0.077,15
862.258,0.077,15
862.467,0.076,15
862.667,0.076,15
862.865,0.077,15
863.069,0.077,15
863.280,0.077,15
863.477,0.078,15
863.679,0.078,15
863.882,0.078,15
864.089,0.077,15
864.291,0.077,15
864.490,0.077,15
864.695,0.077,15
864.902,0.077,15
865.101,0.077,15
865.304,0.077,15
865.510,0.077,15
865.715,0.078,15
865.913,0.078,15
866.122,0.078,15
866.321,0.078,15
866.528,0.077,15
866.725,0.077,15
866.934,0.077,15
867.133,0.077,15
867.341,0.076,15
867.537,0.076,15
867.750,0.077,15
867.945,0.077,15
868.155,0.077,15
868.355,0.077,15
868.554,0.077,15
868.759,0.077,15
868.968,0.077,15
869.164,0.077,15
869.366,0.077,15
869.570,0.077,15
869.772,0.077,15
869.978,0.077,15
870.186,0.077,15
870.384,0.077,15
870.593,0.077,15
870.790,0.077,15
870.997,0.077,15
871.196,0.077,15
871.404,0.077,15
871.601,0.077,15
871.802,0.077,15
872.006,0.077,15
872.217,0.077,15
872.413,0.077,15
872.615,0.077,15
872.819,0.077,15
873.030,0.077,15
873.228,0.078,15
873.437,0.078,15
873.635,0.078,15
873.840,0.078,15
874.041,0.078,15
874.247,0.078,15
874.447,0.078,15
874.653,0.078,15
874.855,0.078,15
875.055,0.078,15
875.260,0.078,15
875.465,0.077,15
875.665,0.078,15
875.874,0.078,15
876.072,0.078,15
876.271,0.078,15
876.478,0.078,15
876.685,0.078,15
876.880,0.078,15
877.091,0.078,15
877.289,0.078,15
877.499,0.078,15
877.694,0.078,15
877.902,0.079,15
878.107,0.079,15
878.303,0.079,15
878.510,0.079,15
878.715,0.079,15
878.915,0.079,15
879.122,0.079,15
879.318,0.079,15
879.531,0.079,15
879.724,0.079,15
879.937,0.079,15
880.133,0.079,15
880.342,0.078,15
880.542,0.078,15
880.746,0.078,15
880.946,0.078,15
881.151,0.078,15
881.352,0.078,15
881.553,0.078,15
881.759,0.078,15
881.964,0.078,15
882.166,0.078,15
882.365,0.078,15
882.570,0.078,15
882.780,0.078,15
882.978,0.079,15
883.186,0.079,15
883.383,0.079,15
883.592,0.079,15
883.794,0.079,15
883.991,0.078,15
884.194,0.078,15
884.396,0.078,15
884.604,0.078,15
884.811,0.078,15
885.006,0.079,15
885.215,0.079,15
885.412,0.079,15
885.622,0.079,15
885.821,0.079,15
886.027,0.079,15
886.227,0.078,15
886.434,0.078,15
886.635,0.078,15
886.835,0.078,15
887.041,0.078,15
887.240,0.078,15
887.444,0.078,15
887.656,0.079,15
887.853,0.079,15
888.054,0.079,15
888.258,0.079,15
888.466,0.079,15
888.665,0.079,15
888.875,0.079,15
889.068,0.079,15
889.278,0.079,15
889.482,0.079,15
889.682,0.079,15
889.882,0.079,15
890.090,0.079,15
890.290,0.079,15
890.499,0.079,15
890.693,0.079,15
890.906,0.079,15
891.105,0.079,15
891.311,0.079,15
891.510,0.079,15
891.718,0.079,15
891.915,0.079,15
892.122,0.079,15
892.322,0.079,15
892.524,0.079,15
892.726,0.079,15
892.929,0.079,15
893.134,0.079,15
893.341,0.078,15
893.543,0.078,15
893.746,0.078,15
893.945,0.078,15
894.152,0.079,15
894.354,0.079,15
894.562,0.079,15
894.756,0.079,15
894.965,0.079,15
895.171,0.079,15
895.366,0.078,15
895.569,0.078,15
895.781,0.078,15
895.977,0.078,15
896.179,0.079,15
896.382,0.079,15
896.590,0.079,15
896.787,0.080,15
896.998,0.080,15
897.195,0.080,15
897.404,0.080,15
897.604,0.080,15
897.806,0.080,15
898.009,0.081,15
898.214,0.081,15
898.413,0.082,15
898.625,0.082,15
898.822,0.083,15
899.031,0.084,15
899.229,0.085,15
899.429,0.086,15
899.632,0.086,15
899.843,0.086,15
900.042,0.086,15
900.248,0.087,15
900.443,0.088,15
900.653,0.089,15
900.851,0.091,15
901.057,0.093,15
901.260,0.094,15
901.465,0.096,15
901.663,0.097,16
901.873,0.098,16
902.069,0.098,16
902.277,0.097,16
902.481,0.096,16
902.686,0.095,16
902.885,0.094,16
903.093,0.094,16
903.290,0.093,16
903.498,0.093,16
903.696,0.093,16
903.897,0.092,16
904.103,0.089,16
904.303,0.085,16
904.506,0.083,16
904.717,0.082,16
904.917,0.082,16
905.121,0.082,16
905.321,0.082,16
905.529,0.081,16
905.727,0.081,16
905.937,0.081,16
906.131,0.081,16
906.342,0.081,16
906.543,0.081,16
906.741,0.081,16
906.944,0.081,16
907.156,0.081,16
907.353,0.081,16
907.554,0.081,16
907.756,0.081,16
907.965,0.081,16
908.162,0.081,16
908.371,0.081,16
908.569,0.081,16
908.779,0.081,16
908.979,0.081,16
909.180,0.081,16
909.381,0.081,16
909.589,0.081,16
909.791,0.080,16
909.998,0.080,16
910.196,0.080,16
910.407,0.080,16
910.602,0.080,16
910.809,0.080,16
911.009,0.080,16
911.218,0.080,16
911.416,0.080,16
911.626,0.080,16
911.819,0.080,16
912.027,0.080,16
912.231,0.080,16
912.432,0.080,16
912.634,0.079,16
912.841,0.079,16
913.042,0.079,16
913.250,0.079,16
913.443,0.079,16
913.655,0.079,16
913.856,0.080,16
914.062,0.079,16
914.260,0.079,16
914.467,0.079,16
914.668,0.079,16
914.867,0.080,16
915.071,0.080,16
915.274,0.081,16
915.477,0.081,16
915.687,0.081,16
915.883,0.082,16
916.094,0.082,16
916.293,0.082,16
916.497,0.082,16
916.694,0.082,16
916.898,0.081,16
917.101,0.081,16
917.303,0.081,16
917.507,0.081,16
917.716,0.081,16
